-1.028331804511278506e+03,-5.016224436090225026e+03
-1.028331804511278506e+03,-4.816224436090225026e+03
-1.028331804511278506e+03,-4.616224436090225026e+03
-8.283318045112785057e+02,-4.416224436090225026e+03
-8.283318045112785057e+02,-4.616224436090225026e+03
-8.283318045112785057e+02,-4.816224436090225026e+03
-8.283318045112785057e+02,-5.016224436090225026e+03
-6.283318045112785057e+02,-5.016224436090225026e+03
-6.283318045112785057e+02,-4.816224436090225026e+03
-6.283318045112785057e+02,-4.616224436090225026e+03
-6.283318045112785057e+02,-4.416224436090225026e+03
-6.283318045112785057e+02,-4.216224436090225026e+03
-4.283318045112785057e+02,-4.216224436090225026e+03
-4.283318045112785057e+02,-4.416224436090225026e+03
-4.283318045112785057e+02,-4.616224436090225026e+03
-4.283318045112785057e+02,-4.816224436090225026e+03
-4.283318045112785057e+02,-5.016224436090225026e+03
-2.283318045112785057e+02,-5.016224436090225026e+03
-2.283318045112785057e+02,-4.816224436090225026e+03
-2.283318045112785057e+02,-4.616224436090225026e+03
-2.283318045112785057e+02,-4.416224436090225026e+03
-2.283318045112785057e+02,-4.216224436090225026e+03
-2.283318045112785057e+02,-4.016224436090225936e+03
-2.833180451127850574e+01,-4.016224436090225936e+03
-2.833180451127850574e+01,-4.216224436090225026e+03
-2.833180451127850574e+01,-4.416224436090225026e+03
-2.833180451127850574e+01,-4.616224436090225026e+03
-2.833180451127850574e+01,-4.816224436090225026e+03
-2.833180451127850574e+01,-5.016224436090225026e+03
1.716681954887214943e+02,-5.016224436090225026e+03
1.716681954887214943e+02,-4.816224436090225026e+03
1.716681954887214943e+02,-4.616224436090225026e+03
1.716681954887214943e+02,-4.416224436090225026e+03
1.716681954887214943e+02,-4.216224436090225026e+03
1.716681954887214943e+02,-4.016224436090225936e+03
1.716681954887214943e+02,-3.816224436090225936e+03
3.716681954887214943e+02,-3.816224436090225936e+03
3.716681954887214943e+02,-4.016224436090225936e+03
3.716681954887214943e+02,-4.216224436090225026e+03
3.716681954887214943e+02,-4.416224436090225026e+03
3.716681954887214943e+02,-4.616224436090225026e+03
3.716681954887214943e+02,-4.816224436090225026e+03
3.716681954887214943e+02,-5.016224436090225026e+03
5.716681954887214943e+02,-5.016224436090225026e+03
5.716681954887214943e+02,-4.816224436090225026e+03
5.716681954887214943e+02,-4.616224436090225026e+03
5.716681954887214943e+02,-4.416224436090225026e+03
5.716681954887214943e+02,-4.216224436090225026e+03
5.716681954887214943e+02,-4.016224436090225936e+03
5.716681954887214943e+02,-3.816224436090225936e+03
5.716681954887214943e+02,-3.616224436090225936e+03
7.716681954887214943e+02,-3.616224436090225936e+03
7.716681954887214943e+02,-3.816224436090225936e+03
7.716681954887214943e+02,-4.016224436090225936e+03
7.716681954887214943e+02,-4.216224436090225026e+03
7.716681954887214943e+02,-4.416224436090225026e+03
7.716681954887214943e+02,-4.616224436090225026e+03
7.716681954887214943e+02,-4.816224436090225026e+03
9.716681954887214943e+02,-5.216224436090225026e+03
9.716681954887214943e+02,-5.016224436090225026e+03
9.716681954887214943e+02,-4.816224436090225026e+03
9.716681954887214943e+02,-4.616224436090225026e+03
9.716681954887214943e+02,-4.416224436090225026e+03
9.716681954887214943e+02,-4.216224436090225026e+03
9.716681954887214943e+02,-4.016224436090225936e+03
9.716681954887214943e+02,-3.816224436090225936e+03
9.716681954887214943e+02,-3.616224436090225936e+03
1.171668195488721494e+03,-3.616224436090225936e+03
1.171668195488721494e+03,-3.816224436090225936e+03
1.171668195488721494e+03,-4.016224436090225936e+03
1.171668195488721494e+03,-4.216224436090225026e+03
1.171668195488721494e+03,-4.416224436090225026e+03
1.171668195488721494e+03,-4.616224436090225026e+03
1.171668195488721494e+03,-4.816224436090225026e+03
1.171668195488721494e+03,-5.016224436090225026e+03
1.171668195488721494e+03,-5.216224436090225026e+03
1.371668195488721494e+03,-5.216224436090225026e+03
1.371668195488721494e+03,-5.016224436090225026e+03
1.371668195488721494e+03,-4.816224436090225026e+03
1.371668195488721494e+03,-4.616224436090225026e+03
1.371668195488721494e+03,-4.416224436090225026e+03
1.371668195488721494e+03,-4.216224436090225026e+03
1.371668195488721494e+03,-4.016224436090225936e+03
1.371668195488721494e+03,-3.816224436090225936e+03
1.371668195488721494e+03,-3.616224436090225936e+03
1.571668195488721494e+03,-3.616224436090225936e+03
1.571668195488721494e+03,-3.816224436090225936e+03
1.571668195488721494e+03,-4.016224436090225936e+03
1.571668195488721494e+03,-4.216224436090225026e+03
1.571668195488721494e+03,-4.416224436090225026e+03
1.571668195488721494e+03,-4.616224436090225026e+03
1.571668195488721494e+03,-4.816224436090225026e+03
1.571668195488721494e+03,-5.016224436090225026e+03
1.571668195488721494e+03,-5.216224436090225026e+03
1.771668195488721494e+03,-5.016224436090225026e+03
1.771668195488721494e+03,-4.816224436090225026e+03
1.771668195488721494e+03,-4.616224436090225026e+03
1.771668195488721494e+03,-4.416224436090225026e+03
1.771668195488721494e+03,-4.216224436090225026e+03
1.771668195488721494e+03,-4.016224436090225936e+03
1.771668195488721494e+03,-3.816224436090225936e+03
1.771668195488721494e+03,-3.616224436090225936e+03
1.771668195488721494e+03,-3.416224436090225936e+03
1.971668195488721494e+03,-3.016224436090225936e+03
1.971668195488721494e+03,-3.216224436090225936e+03
1.971668195488721494e+03,-3.416224436090225936e+03
1.971668195488721494e+03,-3.616224436090225936e+03
1.971668195488721494e+03,-3.816224436090225936e+03
1.971668195488721494e+03,-4.016224436090225936e+03
1.971668195488721494e+03,-4.216224436090225026e+03
1.971668195488721494e+03,-4.416224436090225026e+03
1.971668195488721494e+03,-4.616224436090225026e+03
2.171668195488721722e+03,-4.616224436090225026e+03
2.171668195488721722e+03,-4.416224436090225026e+03
2.171668195488721722e+03,-4.216224436090225026e+03
2.171668195488721722e+03,-4.016224436090225936e+03
2.171668195488721722e+03,-3.816224436090225936e+03
2.171668195488721722e+03,-3.616224436090225936e+03
2.171668195488721722e+03,-3.416224436090225936e+03
2.171668195488721722e+03,-3.216224436090225936e+03
2.171668195488721722e+03,-3.016224436090225936e+03
2.171668195488721722e+03,-2.816224436090225936e+03
2.371668195488721722e+03,-2.816224436090225936e+03
2.371668195488721722e+03,-3.016224436090225936e+03
2.371668195488721722e+03,-3.216224436090225936e+03
2.371668195488721722e+03,-3.416224436090225936e+03
2.371668195488721722e+03,-3.616224436090225936e+03
2.371668195488721722e+03,-3.816224436090225936e+03
2.371668195488721722e+03,-4.016224436090225936e+03
2.371668195488721722e+03,-4.216224436090225026e+03
2.371668195488721722e+03,-4.416224436090225026e+03
2.371668195488721722e+03,-4.616224436090225026e+03
2.571668195488721722e+03,-4.816224436090225026e+03
2.571668195488721722e+03,-4.616224436090225026e+03
2.571668195488721722e+03,-4.416224436090225026e+03
2.571668195488721722e+03,-4.216224436090225026e+03
2.571668195488721722e+03,-4.016224436090225936e+03
2.571668195488721722e+03,-3.816224436090225936e+03
2.571668195488721722e+03,-3.616224436090225936e+03
2.571668195488721722e+03,-3.416224436090225936e+03
2.571668195488721722e+03,-3.216224436090225936e+03
2.571668195488721722e+03,-3.016224436090225936e+03
2.571668195488721722e+03,-2.816224436090225936e+03
2.771668195488721722e+03,-2.816224436090225936e+03
2.771668195488721722e+03,-3.016224436090225936e+03
2.771668195488721722e+03,-3.216224436090225936e+03
2.771668195488721722e+03,-3.416224436090225936e+03
2.771668195488721722e+03,-3.616224436090225936e+03
2.771668195488721722e+03,-3.816224436090225936e+03
2.771668195488721722e+03,-4.016224436090225936e+03
2.771668195488721722e+03,-4.216224436090225026e+03
2.771668195488721722e+03,-4.416224436090225026e+03
2.771668195488721722e+03,-4.616224436090225026e+03
2.771668195488721722e+03,-4.816224436090225026e+03
2.971668195488721722e+03,-4.816224436090225026e+03
2.971668195488721722e+03,-4.616224436090225026e+03
2.971668195488721722e+03,-4.416224436090225026e+03
2.971668195488721722e+03,-4.216224436090225026e+03
2.971668195488721722e+03,-4.016224436090225936e+03
2.971668195488721722e+03,-3.816224436090225936e+03
2.971668195488721722e+03,-3.616224436090225936e+03
2.971668195488721722e+03,-3.416224436090225936e+03
2.971668195488721722e+03,-3.216224436090225936e+03
2.971668195488721722e+03,-3.016224436090225936e+03
2.971668195488721722e+03,-2.816224436090225936e+03
3.171668195488721722e+03,-2.616224436090225936e+03
3.171668195488721722e+03,-2.816224436090225936e+03
3.171668195488721722e+03,-3.016224436090225936e+03
3.171668195488721722e+03,-3.216224436090225936e+03
3.171668195488721722e+03,-3.416224436090225936e+03
3.171668195488721722e+03,-3.616224436090225936e+03
3.171668195488721722e+03,-3.816224436090225936e+03
3.171668195488721722e+03,-4.016224436090225936e+03
3.171668195488721722e+03,-4.216224436090225026e+03
3.171668195488721722e+03,-4.416224436090225026e+03
3.171668195488721722e+03,-4.616224436090225026e+03
3.171668195488721722e+03,-4.816224436090225026e+03
3.371668195488721722e+03,-4.816224436090225026e+03
3.371668195488721722e+03,-4.616224436090225026e+03
3.371668195488721722e+03,-4.416224436090225026e+03
3.371668195488721722e+03,-4.216224436090225026e+03
3.371668195488721722e+03,-4.016224436090225936e+03
3.371668195488721722e+03,-3.816224436090225936e+03
3.371668195488721722e+03,-3.616224436090225936e+03
3.371668195488721722e+03,-3.416224436090225936e+03
3.371668195488721722e+03,-3.216224436090225936e+03
3.371668195488721722e+03,-3.016224436090225936e+03
3.371668195488721722e+03,-2.816224436090225936e+03
3.371668195488721722e+03,-2.616224436090225936e+03
3.371668195488721722e+03,-2.416224436090225936e+03
3.571668195488721722e+03,-2.216224436090225936e+03
3.571668195488721722e+03,-2.416224436090225936e+03
3.571668195488721722e+03,-2.616224436090225936e+03
3.571668195488721722e+03,-2.816224436090225936e+03
3.571668195488721722e+03,-3.016224436090225936e+03
3.571668195488721722e+03,-3.216224436090225936e+03
3.571668195488721722e+03,-3.416224436090225936e+03
3.571668195488721722e+03,-3.616224436090225936e+03
3.571668195488721722e+03,-3.816224436090225936e+03
3.571668195488721722e+03,-4.016224436090225936e+03
3.571668195488721722e+03,-4.216224436090225026e+03
3.571668195488721722e+03,-4.416224436090225026e+03
3.571668195488721722e+03,-4.616224436090225026e+03
3.571668195488721722e+03,-4.816224436090225026e+03
3.771668195488721722e+03,-4.616224436090225026e+03
3.771668195488721722e+03,-4.416224436090225026e+03
3.771668195488721722e+03,-4.216224436090225026e+03
3.771668195488721722e+03,-4.016224436090225936e+03
3.771668195488721722e+03,-3.816224436090225936e+03
3.771668195488721722e+03,-3.616224436090225936e+03
3.771668195488721722e+03,-3.416224436090225936e+03
3.771668195488721722e+03,-3.216224436090225936e+03
3.771668195488721722e+03,-3.016224436090225936e+03
3.771668195488721722e+03,-2.816224436090225936e+03
3.771668195488721722e+03,-2.616224436090225936e+03
3.771668195488721722e+03,-2.416224436090225936e+03
3.771668195488721722e+03,-2.216224436090225936e+03
3.971668195488721722e+03,-2.216224436090225936e+03
3.971668195488721722e+03,-2.416224436090225936e+03
3.971668195488721722e+03,-2.616224436090225936e+03
3.971668195488721722e+03,-2.816224436090225936e+03
3.971668195488721722e+03,-3.016224436090225936e+03
3.971668195488721722e+03,-3.216224436090225936e+03
3.971668195488721722e+03,-3.416224436090225936e+03
3.971668195488721722e+03,-3.616224436090225936e+03
3.971668195488721722e+03,-3.816224436090225936e+03
3.971668195488721722e+03,-4.016224436090225936e+03
3.971668195488721722e+03,-4.216224436090225026e+03
3.971668195488721722e+03,-4.416224436090225026e+03
3.971668195488721722e+03,-4.616224436090225026e+03
4.171668195488721722e+03,-4.616224436090225026e+03
4.171668195488721722e+03,-4.416224436090225026e+03
4.171668195488721722e+03,-4.216224436090225026e+03
4.171668195488721722e+03,-4.016224436090225936e+03
4.171668195488721722e+03,-3.816224436090225936e+03
4.171668195488721722e+03,-3.616224436090225936e+03
4.171668195488721722e+03,-3.416224436090225936e+03
4.171668195488721722e+03,-3.216224436090225936e+03
4.171668195488721722e+03,-3.016224436090225936e+03
4.171668195488721722e+03,-2.816224436090225936e+03
4.171668195488721722e+03,-2.616224436090225936e+03
4.171668195488721722e+03,-2.416224436090225936e+03
4.171668195488721722e+03,-2.216224436090225936e+03
4.371668195488721722e+03,-2.216224436090225936e+03
4.371668195488721722e+03,-2.416224436090225936e+03
4.371668195488721722e+03,-2.616224436090225936e+03
4.371668195488721722e+03,-2.816224436090225936e+03
4.371668195488721722e+03,-3.016224436090225936e+03
4.371668195488721722e+03,-3.216224436090225936e+03
4.371668195488721722e+03,-3.416224436090225936e+03
4.371668195488721722e+03,-3.616224436090225936e+03
4.371668195488721722e+03,-3.816224436090225936e+03
4.371668195488721722e+03,-4.016224436090225936e+03
4.371668195488721722e+03,-4.216224436090225026e+03
4.371668195488721722e+03,-4.416224436090225026e+03
4.371668195488721722e+03,-4.616224436090225026e+03
4.571668195488721722e+03,-4.616224436090225026e+03
4.571668195488721722e+03,-4.416224436090225026e+03
4.571668195488721722e+03,-4.216224436090225026e+03
4.571668195488721722e+03,-4.016224436090225936e+03
4.571668195488721722e+03,-3.816224436090225936e+03
4.571668195488721722e+03,-3.616224436090225936e+03
4.571668195488721722e+03,-3.416224436090225936e+03
4.571668195488721722e+03,-3.216224436090225936e+03
4.571668195488721722e+03,-3.016224436090225936e+03
4.571668195488721722e+03,-2.816224436090225936e+03
4.571668195488721722e+03,-2.616224436090225936e+03
4.571668195488721722e+03,-2.416224436090225936e+03
4.571668195488721722e+03,-2.216224436090225936e+03
4.771668195488721722e+03,-2.216224436090225936e+03
4.771668195488721722e+03,-2.416224436090225936e+03
4.771668195488721722e+03,-2.616224436090225936e+03
4.771668195488721722e+03,-2.816224436090225936e+03
4.771668195488721722e+03,-3.016224436090225936e+03
4.771668195488721722e+03,-3.216224436090225936e+03
4.771668195488721722e+03,-3.416224436090225936e+03
4.771668195488721722e+03,-3.616224436090225936e+03
4.771668195488721722e+03,-3.816224436090225936e+03
4.771668195488721722e+03,-4.016224436090225936e+03
4.771668195488721722e+03,-4.216224436090225026e+03
4.771668195488721722e+03,-4.416224436090225026e+03
4.771668195488721722e+03,-4.616224436090225026e+03
4.971668195488721722e+03,-4.616224436090225026e+03
4.971668195488721722e+03,-4.416224436090225026e+03
4.971668195488721722e+03,-4.216224436090225026e+03
4.971668195488721722e+03,-4.016224436090225936e+03
4.971668195488721722e+03,-3.816224436090225936e+03
4.971668195488721722e+03,-3.616224436090225936e+03
4.971668195488721722e+03,-3.416224436090225936e+03
4.971668195488721722e+03,-3.216224436090225936e+03
4.971668195488721722e+03,-3.016224436090225936e+03
4.971668195488721722e+03,-2.816224436090225936e+03
4.971668195488721722e+03,-2.616224436090225936e+03
4.971668195488721722e+03,-2.416224436090225936e+03
5.171668195488721722e+03,-2.416224436090225936e+03
5.171668195488721722e+03,-2.616224436090225936e+03
5.171668195488721722e+03,-2.816224436090225936e+03
5.171668195488721722e+03,-3.016224436090225936e+03
5.171668195488721722e+03,-3.216224436090225936e+03
5.171668195488721722e+03,-3.416224436090225936e+03
5.171668195488721722e+03,-3.616224436090225936e+03
5.171668195488721722e+03,-3.816224436090225936e+03
5.171668195488721722e+03,-4.016224436090225936e+03
5.171668195488721722e+03,-4.216224436090225026e+03
5.171668195488721722e+03,-4.416224436090225026e+03
5.171668195488721722e+03,-4.616224436090225026e+03
5.171668195488721722e+03,-4.816224436090225026e+03
5.371668195488721722e+03,-4.816224436090225026e+03
5.371668195488721722e+03,-4.616224436090225026e+03
5.371668195488721722e+03,-4.416224436090225026e+03
5.371668195488721722e+03,-4.216224436090225026e+03
5.371668195488721722e+03,-4.016224436090225936e+03
5.371668195488721722e+03,-3.816224436090225936e+03
5.371668195488721722e+03,-3.616224436090225936e+03
5.371668195488721722e+03,-3.416224436090225936e+03
5.371668195488721722e+03,-3.216224436090225936e+03
5.371668195488721722e+03,-3.016224436090225936e+03
5.371668195488721722e+03,-2.816224436090225936e+03
5.371668195488721722e+03,-2.616224436090225936e+03
5.371668195488721722e+03,-2.416224436090225936e+03
5.571668195488721722e+03,-2.416224436090225936e+03
5.571668195488721722e+03,-2.616224436090225936e+03
5.571668195488721722e+03,-2.816224436090225936e+03
5.571668195488721722e+03,-3.016224436090225936e+03
5.571668195488721722e+03,-3.216224436090225936e+03
5.571668195488721722e+03,-3.416224436090225936e+03
5.571668195488721722e+03,-3.616224436090225936e+03
5.571668195488721722e+03,-3.816224436090225936e+03
5.571668195488721722e+03,-4.016224436090225936e+03
5.571668195488721722e+03,-4.216224436090225026e+03
5.571668195488721722e+03,-4.416224436090225026e+03
5.571668195488721722e+03,-4.616224436090225026e+03
5.571668195488721722e+03,-4.816224436090225026e+03
5.571668195488721722e+03,-5.016224436090225026e+03
5.571668195488721722e+03,-5.216224436090225026e+03
5.571668195488721722e+03,-5.416224436090225026e+03
5.771668195488721722e+03,-5.616224436090225026e+03
5.771668195488721722e+03,-5.416224436090225026e+03
5.771668195488721722e+03,-5.216224436090225026e+03
5.771668195488721722e+03,-5.016224436090225026e+03
5.771668195488721722e+03,-4.816224436090225026e+03
5.771668195488721722e+03,-4.616224436090225026e+03
5.771668195488721722e+03,-4.416224436090225026e+03
5.771668195488721722e+03,-4.216224436090225026e+03
5.771668195488721722e+03,-4.016224436090225936e+03
5.771668195488721722e+03,-3.816224436090225936e+03
5.771668195488721722e+03,-3.616224436090225936e+03
5.771668195488721722e+03,-3.416224436090225936e+03
5.771668195488721722e+03,-3.216224436090225936e+03
5.771668195488721722e+03,-3.016224436090225936e+03
5.771668195488721722e+03,-2.816224436090225936e+03
5.771668195488721722e+03,-2.616224436090225936e+03
5.771668195488721722e+03,-2.416224436090225936e+03
5.971668195488721722e+03,-2.416224436090225936e+03
5.971668195488721722e+03,-2.616224436090225936e+03
5.971668195488721722e+03,-2.816224436090225936e+03
5.971668195488721722e+03,-3.016224436090225936e+03
5.971668195488721722e+03,-3.216224436090225936e+03
5.971668195488721722e+03,-3.416224436090225936e+03
5.971668195488721722e+03,-3.616224436090225936e+03
5.971668195488721722e+03,-3.816224436090225936e+03
5.971668195488721722e+03,-4.016224436090225936e+03
5.971668195488721722e+03,-4.216224436090225026e+03
5.971668195488721722e+03,-4.416224436090225026e+03
5.971668195488721722e+03,-4.616224436090225026e+03
5.971668195488721722e+03,-4.816224436090225026e+03
5.971668195488721722e+03,-5.016224436090225026e+03
5.971668195488721722e+03,-5.216224436090225026e+03
5.971668195488721722e+03,-5.416224436090225026e+03
5.971668195488721722e+03,-5.616224436090225026e+03
6.171668195488721722e+03,-5.616224436090225026e+03
6.171668195488721722e+03,-5.416224436090225026e+03
6.171668195488721722e+03,-5.216224436090225026e+03
6.171668195488721722e+03,-5.016224436090225026e+03
6.171668195488721722e+03,-4.816224436090225026e+03
6.171668195488721722e+03,-4.616224436090225026e+03
6.171668195488721722e+03,-4.416224436090225026e+03
6.171668195488721722e+03,-4.216224436090225026e+03
6.171668195488721722e+03,-4.016224436090225936e+03
6.171668195488721722e+03,-3.816224436090225936e+03
6.171668195488721722e+03,-3.616224436090225936e+03
6.171668195488721722e+03,-3.416224436090225936e+03
6.171668195488721722e+03,-3.216224436090225936e+03
6.171668195488721722e+03,-3.016224436090225936e+03
6.171668195488721722e+03,-2.816224436090225936e+03
6.171668195488721722e+03,-2.616224436090225936e+03
6.371668195488721722e+03,-2.616224436090225936e+03
6.371668195488721722e+03,-2.816224436090225936e+03
6.371668195488721722e+03,-3.016224436090225936e+03
6.371668195488721722e+03,-3.216224436090225936e+03
6.371668195488721722e+03,-3.416224436090225936e+03
6.371668195488721722e+03,-3.616224436090225936e+03
6.371668195488721722e+03,-3.816224436090225936e+03
6.371668195488721722e+03,-4.016224436090225936e+03
6.371668195488721722e+03,-4.216224436090225026e+03
6.371668195488721722e+03,-4.416224436090225026e+03
6.371668195488721722e+03,-4.616224436090225026e+03
6.371668195488721722e+03,-4.816224436090225026e+03
6.371668195488721722e+03,-5.016224436090225026e+03
6.371668195488721722e+03,-5.216224436090225026e+03
6.371668195488721722e+03,-5.416224436090225026e+03
6.371668195488721722e+03,-5.616224436090225026e+03
6.571668195488721722e+03,-5.416224436090225026e+03
6.571668195488721722e+03,-5.216224436090225026e+03
6.571668195488721722e+03,-5.016224436090225026e+03
6.571668195488721722e+03,-4.816224436090225026e+03
6.571668195488721722e+03,-4.616224436090225026e+03
6.571668195488721722e+03,-4.416224436090225026e+03
6.571668195488721722e+03,-4.216224436090225026e+03
6.571668195488721722e+03,-4.016224436090225936e+03
6.571668195488721722e+03,-3.816224436090225936e+03
6.571668195488721722e+03,-3.616224436090225936e+03
6.571668195488721722e+03,-3.416224436090225936e+03
6.571668195488721722e+03,-3.216224436090225936e+03
6.571668195488721722e+03,-3.016224436090225936e+03
6.571668195488721722e+03,-2.816224436090225936e+03
6.771668195488721722e+03,-3.016224436090225936e+03
6.771668195488721722e+03,-3.216224436090225936e+03
6.771668195488721722e+03,-3.416224436090225936e+03
6.771668195488721722e+03,-3.616224436090225936e+03
6.771668195488721722e+03,-3.816224436090225936e+03
6.771668195488721722e+03,-4.016224436090225936e+03
6.771668195488721722e+03,-4.216224436090225026e+03
6.771668195488721722e+03,-4.416224436090225026e+03
6.771668195488721722e+03,-4.616224436090225026e+03
6.771668195488721722e+03,-4.816224436090225026e+03
6.771668195488721722e+03,-5.016224436090225026e+03
6.971668195488721722e+03,-4.816224436090225026e+03
6.971668195488721722e+03,-4.616224436090225026e+03
6.971668195488721722e+03,-4.416224436090225026e+03
6.971668195488721722e+03,-4.216224436090225026e+03
6.971668195488721722e+03,-4.016224436090225936e+03
6.971668195488721722e+03,-3.816224436090225936e+03
6.971668195488721722e+03,-3.616224436090225936e+03
6.971668195488721722e+03,-3.416224436090225936e+03
6.971668195488721722e+03,-3.216224436090225936e+03
7.171668195488721722e+03,-3.416224436090225936e+03
7.171668195488721722e+03,-3.616224436090225936e+03
7.171668195488721722e+03,-3.816224436090225936e+03
7.171668195488721722e+03,-4.016224436090225936e+03
7.171668195488721722e+03,-4.216224436090225026e+03
7.171668195488721722e+03,-4.416224436090225026e+03
7.171668195488721722e+03,-4.616224436090225026e+03
7.371668195488721722e+03,-4.616224436090225026e+03
7.371668195488721722e+03,-4.416224436090225026e+03
7.371668195488721722e+03,-4.216224436090225026e+03
7.371668195488721722e+03,-4.016224436090225936e+03
7.371668195488721722e+03,-3.816224436090225936e+03
7.371668195488721722e+03,-3.616224436090225936e+03
7.571668195488721722e+03,-4.016224436090225936e+03
7.571668195488721722e+03,-4.216224436090225026e+03
-3.508853015873015465e+03,4.250560793650794039e+03
-3.508853015873015465e+03,4.450560793650794039e+03
-3.508853015873015465e+03,4.650560793650794039e+03
-3.508853015873015465e+03,4.850560793650794039e+03
-3.308853015873015465e+03,5.050560793650794039e+03
-3.308853015873015465e+03,4.850560793650794039e+03
-3.308853015873015465e+03,4.650560793650794039e+03
-3.308853015873015465e+03,4.450560793650794039e+03
-3.308853015873015465e+03,4.250560793650794039e+03
-3.108853015873015465e+03,4.050560793650794039e+03
-3.108853015873015465e+03,4.250560793650794039e+03
-3.108853015873015465e+03,4.450560793650794039e+03
-3.108853015873015465e+03,4.650560793650794039e+03
-3.108853015873015465e+03,4.850560793650794039e+03
-3.108853015873015465e+03,5.050560793650794039e+03
-3.108853015873015465e+03,5.250560793650794039e+03
-3.108853015873015465e+03,5.650560793650794039e+03
-3.108853015873015465e+03,5.850560793650794039e+03
-3.108853015873015465e+03,6.050560793650794039e+03
-3.108853015873015465e+03,6.250560793650794039e+03
-3.108853015873015465e+03,6.450560793650794039e+03
-3.108853015873015465e+03,6.650560793650794039e+03
-3.108853015873015465e+03,6.850560793650794039e+03
-3.108853015873015465e+03,7.050560793650794039e+03
-3.108853015873015465e+03,7.250560793650794039e+03
-2.908853015873015465e+03,7.250560793650794039e+03
-2.908853015873015465e+03,7.050560793650794039e+03
-2.908853015873015465e+03,6.850560793650794039e+03
-2.908853015873015465e+03,6.650560793650794039e+03
-2.908853015873015465e+03,6.450560793650794039e+03
-2.908853015873015465e+03,6.250560793650794039e+03
-2.908853015873015465e+03,6.050560793650794039e+03
-2.908853015873015465e+03,5.850560793650794039e+03
-2.908853015873015465e+03,5.650560793650794039e+03
-2.908853015873015465e+03,5.450560793650794039e+03
-2.908853015873015465e+03,5.250560793650794039e+03
-2.908853015873015465e+03,5.050560793650794039e+03
-2.908853015873015465e+03,4.850560793650794039e+03
-2.908853015873015465e+03,4.650560793650794039e+03
-2.908853015873015465e+03,4.450560793650794039e+03
-2.908853015873015465e+03,4.250560793650794039e+03
-2.908853015873015465e+03,4.050560793650794039e+03
-2.708853015873015465e+03,3.850560793650794039e+03
-2.708853015873015465e+03,4.050560793650794039e+03
-2.708853015873015465e+03,4.250560793650794039e+03
-2.708853015873015465e+03,4.450560793650794039e+03
-2.708853015873015465e+03,4.650560793650794039e+03
-2.708853015873015465e+03,4.850560793650794039e+03
-2.708853015873015465e+03,5.050560793650794039e+03
-2.708853015873015465e+03,5.250560793650794039e+03
-2.708853015873015465e+03,5.450560793650794039e+03
-2.708853015873015465e+03,5.650560793650794039e+03
-2.708853015873015465e+03,5.850560793650794039e+03
-2.708853015873015465e+03,6.050560793650794039e+03
-2.708853015873015465e+03,6.250560793650794039e+03
-2.708853015873015465e+03,6.450560793650794039e+03
-2.708853015873015465e+03,6.650560793650794039e+03
-2.708853015873015465e+03,6.850560793650794039e+03
-2.708853015873015465e+03,7.050560793650794039e+03
-2.708853015873015465e+03,7.250560793650794039e+03
-2.508853015873015465e+03,7.250560793650794039e+03
-2.508853015873015465e+03,7.050560793650794039e+03
-2.508853015873015465e+03,6.850560793650794039e+03
-2.508853015873015465e+03,6.650560793650794039e+03
-2.508853015873015465e+03,6.450560793650794039e+03
-2.508853015873015465e+03,6.250560793650794039e+03
-2.508853015873015465e+03,6.050560793650794039e+03
-2.508853015873015465e+03,5.850560793650794039e+03
-2.508853015873015465e+03,5.650560793650794039e+03
-2.508853015873015465e+03,5.450560793650794039e+03
-2.508853015873015465e+03,5.250560793650794039e+03
-2.508853015873015465e+03,5.050560793650794039e+03
-2.508853015873015465e+03,4.850560793650794039e+03
-2.508853015873015465e+03,4.650560793650794039e+03
-2.508853015873015465e+03,4.450560793650794039e+03
-2.508853015873015465e+03,4.250560793650794039e+03
-2.508853015873015465e+03,4.050560793650794039e+03
-2.508853015873015465e+03,3.850560793650794039e+03
-2.308853015873015465e+03,3.850560793650794039e+03
-2.308853015873015465e+03,4.050560793650794039e+03
-2.308853015873015465e+03,4.250560793650794039e+03
-2.308853015873015465e+03,4.450560793650794039e+03
-2.308853015873015465e+03,4.650560793650794039e+03
-2.308853015873015465e+03,4.850560793650794039e+03
-2.308853015873015465e+03,5.050560793650794039e+03
-2.308853015873015465e+03,5.250560793650794039e+03
-2.308853015873015465e+03,5.450560793650794039e+03
-2.308853015873015465e+03,5.650560793650794039e+03
-2.308853015873015465e+03,5.850560793650794039e+03
-2.308853015873015465e+03,6.050560793650794039e+03
-2.308853015873015465e+03,6.250560793650794039e+03
-2.308853015873015465e+03,6.450560793650794039e+03
-2.308853015873015465e+03,6.650560793650794039e+03
-2.308853015873015465e+03,6.850560793650794039e+03
-2.308853015873015465e+03,7.050560793650794039e+03
-2.308853015873015465e+03,7.250560793650794039e+03
-2.108853015873015465e+03,7.250560793650794039e+03
-2.108853015873015465e+03,7.050560793650794039e+03
-2.108853015873015465e+03,6.850560793650794039e+03
-2.108853015873015465e+03,6.650560793650794039e+03
-2.108853015873015465e+03,6.450560793650794039e+03
-2.108853015873015465e+03,6.250560793650794039e+03
-2.108853015873015465e+03,6.050560793650794039e+03
-2.108853015873015465e+03,5.850560793650794039e+03
-2.108853015873015465e+03,5.650560793650794039e+03
-2.108853015873015465e+03,5.450560793650794039e+03
-2.108853015873015465e+03,5.250560793650794039e+03
-2.108853015873015465e+03,5.050560793650794039e+03
-2.108853015873015465e+03,4.850560793650794039e+03
-2.108853015873015465e+03,4.650560793650794039e+03
-2.108853015873015465e+03,4.450560793650794039e+03
-2.108853015873015465e+03,4.250560793650794039e+03
-2.108853015873015465e+03,4.050560793650794039e+03
-2.108853015873015465e+03,3.850560793650794039e+03
-1.908853015873015693e+03,4.050560793650794039e+03
-1.908853015873015693e+03,4.250560793650794039e+03
-1.908853015873015693e+03,4.450560793650794039e+03
-1.908853015873015693e+03,4.650560793650794039e+03
-1.908853015873015693e+03,4.850560793650794039e+03
-1.908853015873015693e+03,5.050560793650794039e+03
-1.908853015873015693e+03,5.250560793650794039e+03
-1.908853015873015693e+03,5.450560793650794039e+03
-1.908853015873015693e+03,5.650560793650794039e+03
-1.908853015873015693e+03,5.850560793650794039e+03
-1.908853015873015693e+03,6.050560793650794039e+03
-1.908853015873015693e+03,6.250560793650794039e+03
-1.908853015873015693e+03,6.450560793650794039e+03
-1.908853015873015693e+03,6.650560793650794039e+03
-1.908853015873015693e+03,6.850560793650794039e+03
-1.908853015873015693e+03,7.050560793650794039e+03
-1.908853015873015693e+03,7.250560793650794039e+03
-1.708853015873015920e+03,7.050560793650794039e+03
-1.708853015873015920e+03,6.850560793650794039e+03
-1.708853015873015920e+03,6.650560793650794039e+03
-1.708853015873015920e+03,6.450560793650794039e+03
-1.708853015873015920e+03,6.250560793650794039e+03
-1.708853015873015920e+03,6.050560793650794039e+03
-1.708853015873015920e+03,5.850560793650794039e+03
-1.708853015873015920e+03,5.650560793650794039e+03
-1.708853015873015920e+03,5.450560793650794039e+03
-1.708853015873015920e+03,5.250560793650794039e+03
-1.708853015873015920e+03,5.050560793650794039e+03
-1.708853015873015920e+03,4.850560793650794039e+03
-1.708853015873015920e+03,4.650560793650794039e+03
-1.708853015873015920e+03,4.450560793650794039e+03
-1.708853015873015920e+03,4.250560793650794039e+03
-1.708853015873015920e+03,4.050560793650794039e+03
-1.708853015873015920e+03,3.850560793650794039e+03
-1.508853015873015920e+03,3.850560793650794039e+03
-1.508853015873015920e+03,4.050560793650794039e+03
-1.508853015873015920e+03,4.250560793650794039e+03
-1.508853015873015920e+03,4.450560793650794039e+03
-1.508853015873015920e+03,4.650560793650794039e+03
-1.508853015873015920e+03,4.850560793650794039e+03
-1.508853015873015920e+03,5.050560793650794039e+03
-1.508853015873015920e+03,5.250560793650794039e+03
-1.508853015873015920e+03,5.450560793650794039e+03
-1.508853015873015920e+03,5.650560793650794039e+03
-1.508853015873015920e+03,5.850560793650794039e+03
-1.508853015873015920e+03,6.050560793650794039e+03
-1.508853015873015920e+03,6.250560793650794039e+03
-1.508853015873015920e+03,6.450560793650794039e+03
-1.508853015873015920e+03,6.650560793650794039e+03
-1.508853015873015920e+03,6.850560793650794039e+03
-1.308853015873015920e+03,6.850560793650794039e+03
-1.308853015873015920e+03,6.650560793650794039e+03
-1.308853015873015920e+03,6.450560793650794039e+03
-1.308853015873015920e+03,6.250560793650794039e+03
-1.308853015873015920e+03,6.050560793650794039e+03
-1.308853015873015920e+03,5.850560793650794039e+03
-1.308853015873015920e+03,5.650560793650794039e+03
-1.308853015873015920e+03,5.450560793650794039e+03
-1.308853015873015920e+03,5.250560793650794039e+03
-1.308853015873015920e+03,5.050560793650794039e+03
-1.308853015873015920e+03,4.850560793650794039e+03
-1.308853015873015920e+03,4.650560793650794039e+03
-1.308853015873015920e+03,4.450560793650794039e+03
-1.308853015873015920e+03,4.250560793650794039e+03
-1.308853015873015920e+03,4.050560793650794039e+03
-1.308853015873015920e+03,3.850560793650794039e+03
-1.108853015873015920e+03,3.650560793650794039e+03
-1.108853015873015920e+03,3.850560793650794039e+03
-1.108853015873015920e+03,4.050560793650794039e+03
-1.108853015873015920e+03,4.250560793650794039e+03
-1.108853015873015920e+03,4.450560793650794039e+03
-1.108853015873015920e+03,4.650560793650794039e+03
-1.108853015873015920e+03,4.850560793650794039e+03
-1.108853015873015920e+03,5.050560793650794039e+03
-1.108853015873015920e+03,5.250560793650794039e+03
-1.108853015873015920e+03,5.450560793650794039e+03
-1.108853015873015920e+03,5.650560793650794039e+03
-1.108853015873015920e+03,5.850560793650794039e+03
-1.108853015873015920e+03,6.050560793650794039e+03
-1.108853015873015920e+03,6.250560793650794039e+03
-1.108853015873015920e+03,6.450560793650794039e+03
-1.108853015873015920e+03,6.650560793650794039e+03
-1.108853015873015920e+03,6.850560793650794039e+03
-9.088530158730159201e+02,6.850560793650794039e+03
-9.088530158730159201e+02,6.650560793650794039e+03
-9.088530158730159201e+02,6.450560793650794039e+03
-9.088530158730159201e+02,6.250560793650794039e+03
-9.088530158730159201e+02,6.050560793650794039e+03
-9.088530158730159201e+02,5.850560793650794039e+03
-9.088530158730159201e+02,5.650560793650794039e+03
-9.088530158730159201e+02,5.450560793650794039e+03
-9.088530158730159201e+02,5.250560793650794039e+03
-9.088530158730159201e+02,5.050560793650794039e+03
-9.088530158730159201e+02,4.850560793650794039e+03
-9.088530158730159201e+02,4.650560793650794039e+03
-9.088530158730159201e+02,4.450560793650794039e+03
-9.088530158730159201e+02,4.250560793650794039e+03
-9.088530158730159201e+02,4.050560793650794039e+03
-9.088530158730159201e+02,3.850560793650794039e+03
-9.088530158730159201e+02,3.650560793650794039e+03
-7.088530158730159201e+02,3.650560793650794039e+03
-7.088530158730159201e+02,3.850560793650794039e+03
-7.088530158730159201e+02,4.050560793650794039e+03
-7.088530158730159201e+02,4.250560793650794039e+03
-7.088530158730159201e+02,4.450560793650794039e+03
-7.088530158730159201e+02,4.650560793650794039e+03
-7.088530158730159201e+02,4.850560793650794039e+03
-7.088530158730159201e+02,5.050560793650794039e+03
-7.088530158730159201e+02,5.250560793650794039e+03
-7.088530158730159201e+02,5.450560793650794039e+03
-7.088530158730159201e+02,5.650560793650794039e+03
-7.088530158730159201e+02,5.850560793650794039e+03
-7.088530158730159201e+02,6.050560793650794039e+03
-7.088530158730159201e+02,6.250560793650794039e+03
-7.088530158730159201e+02,6.450560793650794039e+03
-7.088530158730159201e+02,6.650560793650794039e+03
-7.088530158730159201e+02,6.850560793650794039e+03
-5.088530158730159201e+02,7.050560793650794039e+03
-5.088530158730159201e+02,6.850560793650794039e+03
-5.088530158730159201e+02,6.650560793650794039e+03
-5.088530158730159201e+02,6.450560793650794039e+03
-5.088530158730159201e+02,6.250560793650794039e+03
-5.088530158730159201e+02,6.050560793650794039e+03
-5.088530158730159201e+02,5.850560793650794039e+03
-5.088530158730159201e+02,5.650560793650794039e+03
-5.088530158730159201e+02,5.450560793650794039e+03
-5.088530158730159201e+02,5.250560793650794039e+03
-5.088530158730159201e+02,5.050560793650794039e+03
-5.088530158730159201e+02,4.850560793650794039e+03
-5.088530158730159201e+02,4.650560793650794039e+03
-5.088530158730159201e+02,4.450560793650794039e+03
-5.088530158730159201e+02,4.250560793650794039e+03
-5.088530158730159201e+02,4.050560793650794039e+03
-5.088530158730159201e+02,3.850560793650794039e+03
-5.088530158730159201e+02,3.650560793650794039e+03
-3.088530158730159201e+02,3.650560793650794039e+03
-3.088530158730159201e+02,3.850560793650794039e+03
-3.088530158730159201e+02,4.050560793650794039e+03
-3.088530158730159201e+02,4.250560793650794039e+03
-3.088530158730159201e+02,4.450560793650794039e+03
-3.088530158730159201e+02,4.650560793650794039e+03
-3.088530158730159201e+02,4.850560793650794039e+03
-3.088530158730159201e+02,5.050560793650794039e+03
-3.088530158730159201e+02,5.250560793650794039e+03
-3.088530158730159201e+02,5.450560793650794039e+03
-3.088530158730159201e+02,5.650560793650794039e+03
-3.088530158730159201e+02,5.850560793650794039e+03
-3.088530158730159201e+02,6.050560793650794039e+03
-3.088530158730159201e+02,6.250560793650794039e+03
-3.088530158730159201e+02,6.450560793650794039e+03
-3.088530158730159201e+02,6.650560793650794039e+03
-3.088530158730159201e+02,6.850560793650794039e+03
-3.088530158730159201e+02,7.050560793650794039e+03
-1.088530158730159201e+02,7.050560793650794039e+03
-1.088530158730159201e+02,6.850560793650794039e+03
-1.088530158730159201e+02,6.650560793650794039e+03
-1.088530158730159201e+02,6.450560793650794039e+03
-1.088530158730159201e+02,6.250560793650794039e+03
-1.088530158730159201e+02,6.050560793650794039e+03
-1.088530158730159201e+02,5.850560793650794039e+03
-1.088530158730159201e+02,5.650560793650794039e+03
-1.088530158730159201e+02,5.450560793650794039e+03
-1.088530158730159201e+02,5.250560793650794039e+03
-1.088530158730159201e+02,5.050560793650794039e+03
-1.088530158730159201e+02,4.850560793650794039e+03
-1.088530158730159201e+02,4.650560793650794039e+03
-1.088530158730159201e+02,4.450560793650794039e+03
-1.088530158730159201e+02,4.250560793650794039e+03
-1.088530158730159201e+02,4.050560793650794039e+03
-1.088530158730159201e+02,3.850560793650794039e+03
-1.088530158730159201e+02,3.650560793650794039e+03
9.114698412698407992e+01,3.650560793650794039e+03
9.114698412698407992e+01,3.850560793650794039e+03
9.114698412698407992e+01,4.050560793650794039e+03
9.114698412698407992e+01,4.250560793650794039e+03
9.114698412698407992e+01,4.450560793650794039e+03
9.114698412698407992e+01,4.650560793650794039e+03
9.114698412698407992e+01,4.850560793650794039e+03
9.114698412698407992e+01,5.050560793650794039e+03
9.114698412698407992e+01,5.250560793650794039e+03
9.114698412698407992e+01,5.450560793650794039e+03
9.114698412698407992e+01,5.650560793650794039e+03
9.114698412698407992e+01,5.850560793650794039e+03
9.114698412698407992e+01,6.050560793650794039e+03
9.114698412698407992e+01,6.250560793650794039e+03
9.114698412698407992e+01,6.450560793650794039e+03
9.114698412698407992e+01,6.650560793650794039e+03
9.114698412698407992e+01,6.850560793650794039e+03
9.114698412698407992e+01,7.050560793650794039e+03
2.911469841269840799e+02,7.050560793650794039e+03
2.911469841269840799e+02,6.850560793650794039e+03
2.911469841269840799e+02,6.650560793650794039e+03
2.911469841269840799e+02,6.450560793650794039e+03
2.911469841269840799e+02,6.250560793650794039e+03
2.911469841269840799e+02,6.050560793650794039e+03
2.911469841269840799e+02,5.850560793650794039e+03
2.911469841269840799e+02,5.650560793650794039e+03
2.911469841269840799e+02,5.450560793650794039e+03
2.911469841269840799e+02,5.250560793650794039e+03
2.911469841269840799e+02,5.050560793650794039e+03
2.911469841269840799e+02,4.850560793650794039e+03
2.911469841269840799e+02,4.650560793650794039e+03
2.911469841269840799e+02,4.450560793650794039e+03
2.911469841269840799e+02,4.250560793650794039e+03
2.911469841269840799e+02,4.050560793650794039e+03
2.911469841269840799e+02,3.850560793650794039e+03
2.911469841269840799e+02,3.650560793650794039e+03
4.911469841269840799e+02,3.650560793650794039e+03
4.911469841269840799e+02,3.850560793650794039e+03
4.911469841269840799e+02,4.050560793650794039e+03
4.911469841269840799e+02,4.250560793650794039e+03
4.911469841269840799e+02,4.450560793650794039e+03
4.911469841269840799e+02,4.650560793650794039e+03
4.911469841269840799e+02,4.850560793650794039e+03
4.911469841269840799e+02,5.050560793650794039e+03
4.911469841269840799e+02,5.250560793650794039e+03
4.911469841269840799e+02,5.450560793650794039e+03
4.911469841269840799e+02,5.650560793650794039e+03
4.911469841269840799e+02,5.850560793650794039e+03
4.911469841269840799e+02,6.050560793650794039e+03
4.911469841269840799e+02,6.250560793650794039e+03
4.911469841269840799e+02,6.450560793650794039e+03
4.911469841269840799e+02,6.650560793650794039e+03
4.911469841269840799e+02,6.850560793650794039e+03
6.911469841269840799e+02,6.850560793650794039e+03
6.911469841269840799e+02,6.650560793650794039e+03
6.911469841269840799e+02,6.450560793650794039e+03
6.911469841269840799e+02,6.250560793650794039e+03
6.911469841269840799e+02,6.050560793650794039e+03
6.911469841269840799e+02,5.850560793650794039e+03
6.911469841269840799e+02,5.650560793650794039e+03
6.911469841269840799e+02,5.450560793650794039e+03
6.911469841269840799e+02,5.250560793650794039e+03
6.911469841269840799e+02,5.050560793650794039e+03
6.911469841269840799e+02,4.850560793650794039e+03
6.911469841269840799e+02,4.650560793650794039e+03
6.911469841269840799e+02,4.450560793650794039e+03
6.911469841269840799e+02,4.250560793650794039e+03
6.911469841269840799e+02,4.050560793650794039e+03
6.911469841269840799e+02,3.850560793650794039e+03
8.911469841269840799e+02,3.850560793650794039e+03
8.911469841269840799e+02,4.050560793650794039e+03
8.911469841269840799e+02,4.250560793650794039e+03
8.911469841269840799e+02,4.450560793650794039e+03
8.911469841269840799e+02,4.650560793650794039e+03
8.911469841269840799e+02,4.850560793650794039e+03
8.911469841269840799e+02,5.050560793650794039e+03
8.911469841269840799e+02,5.250560793650794039e+03
8.911469841269840799e+02,5.450560793650794039e+03
8.911469841269840799e+02,5.650560793650794039e+03
8.911469841269840799e+02,5.850560793650794039e+03
8.911469841269840799e+02,6.050560793650794039e+03
8.911469841269840799e+02,6.250560793650794039e+03
8.911469841269840799e+02,6.450560793650794039e+03
8.911469841269840799e+02,6.650560793650794039e+03
1.091146984126984080e+03,6.650560793650794039e+03
1.091146984126984080e+03,6.450560793650794039e+03
1.091146984126984080e+03,6.250560793650794039e+03
1.091146984126984080e+03,6.050560793650794039e+03
1.091146984126984080e+03,5.850560793650794039e+03
1.091146984126984080e+03,5.650560793650794039e+03
1.091146984126984080e+03,5.450560793650794039e+03
1.091146984126984080e+03,5.250560793650794039e+03
1.091146984126984080e+03,5.050560793650794039e+03
1.091146984126984080e+03,4.850560793650794039e+03
1.091146984126984080e+03,4.650560793650794039e+03
1.091146984126984080e+03,4.450560793650794039e+03
1.091146984126984080e+03,4.250560793650794039e+03
1.091146984126984080e+03,4.050560793650794039e+03
1.291146984126984080e+03,4.250560793650794039e+03
1.291146984126984080e+03,4.450560793650794039e+03
1.291146984126984080e+03,4.650560793650794039e+03
1.291146984126984080e+03,4.850560793650794039e+03
1.291146984126984080e+03,5.050560793650794039e+03
1.291146984126984080e+03,5.250560793650794039e+03
1.291146984126984080e+03,5.450560793650794039e+03
1.291146984126984080e+03,5.650560793650794039e+03
1.291146984126984080e+03,5.850560793650794039e+03
1.291146984126984080e+03,6.050560793650794039e+03
1.291146984126984080e+03,6.250560793650794039e+03
1.291146984126984080e+03,6.450560793650794039e+03
1.491146984126984080e+03,6.250560793650794039e+03
1.491146984126984080e+03,6.050560793650794039e+03
1.491146984126984080e+03,5.850560793650794039e+03
1.491146984126984080e+03,5.650560793650794039e+03
1.491146984126984080e+03,5.450560793650794039e+03
1.491146984126984080e+03,5.250560793650794039e+03
1.491146984126984080e+03,5.050560793650794039e+03
1.491146984126984080e+03,4.850560793650794039e+03
1.491146984126984080e+03,4.650560793650794039e+03
1.491146984126984080e+03,4.450560793650794039e+03
1.691146984126984080e+03,4.850560793650794039e+03
1.691146984126984080e+03,5.050560793650794039e+03
1.691146984126984080e+03,5.250560793650794039e+03
1.691146984126984080e+03,5.450560793650794039e+03
1.691146984126984080e+03,5.650560793650794039e+03
1.691146984126984080e+03,5.850560793650794039e+03
1.691146984126984080e+03,6.050560793650794039e+03
1.891146984126984080e+03,6.050560793650794039e+03
1.891146984126984080e+03,5.850560793650794039e+03
1.891146984126984080e+03,5.650560793650794039e+03
1.891146984126984080e+03,5.450560793650794039e+03
1.891146984126984080e+03,5.250560793650794039e+03
1.891146984126984080e+03,5.050560793650794039e+03
2.091146984126984080e+03,5.250560793650794039e+03
2.091146984126984080e+03,5.450560793650794039e+03
2.091146984126984080e+03,5.650560793650794039e+03
2.091146984126984080e+03,5.850560793650794039e+03
