-7.343669772727273084e+03,-4.007847727272728662e+02
-7.343669772727273084e+03,-2.007847727272727525e+02
-7.343669772727273084e+03,-7.847727272727524905e-01
-7.343669772727273084e+03,1.992152272727272475e+02
-7.343669772727273084e+03,3.992152272727271338e+02
-7.343669772727273084e+03,7.992152272727271338e+02
-7.343669772727273084e+03,9.992152272727271338e+02
-7.343669772727273084e+03,1.199215227272727134e+03
-7.143669772727273084e+03,1.799215227272727134e+03
-7.143669772727273084e+03,1.599215227272727134e+03
-7.143669772727273084e+03,1.399215227272727361e+03
-7.143669772727273084e+03,1.199215227272727134e+03
-7.143669772727273084e+03,9.992152272727271338e+02
-7.143669772727273084e+03,7.992152272727271338e+02
-7.143669772727273084e+03,5.992152272727271338e+02
-7.143669772727273084e+03,3.992152272727271338e+02
-7.143669772727273084e+03,1.992152272727272475e+02
-7.143669772727273084e+03,-7.847727272727524905e-01
-7.143669772727273084e+03,-2.007847727272727525e+02
-7.143669772727273084e+03,-4.007847727272728662e+02
-7.143669772727273084e+03,-6.007847727272728662e+02
-7.143669772727273084e+03,-8.007847727272726388e+02
-6.943669772727273084e+03,-1.200784772727272866e+03
-6.943669772727273084e+03,-1.000784772727272752e+03
-6.943669772727273084e+03,-8.007847727272726388e+02
-6.943669772727273084e+03,-6.007847727272728662e+02
-6.943669772727273084e+03,-4.007847727272728662e+02
-6.943669772727273084e+03,-2.007847727272727525e+02
-6.943669772727273084e+03,-7.847727272727524905e-01
-6.943669772727273084e+03,1.992152272727272475e+02
-6.943669772727273084e+03,3.992152272727271338e+02
-6.943669772727273084e+03,5.992152272727271338e+02
-6.943669772727273084e+03,7.992152272727271338e+02
-6.943669772727273084e+03,9.992152272727271338e+02
-6.943669772727273084e+03,1.199215227272727134e+03
-6.943669772727273084e+03,1.399215227272727361e+03
-6.943669772727273084e+03,1.599215227272727134e+03
-6.943669772727273084e+03,1.799215227272727134e+03
-6.943669772727273084e+03,1.999215227272727134e+03
-6.743669772727273084e+03,1.999215227272727134e+03
-6.743669772727273084e+03,1.799215227272727134e+03
-6.743669772727273084e+03,1.599215227272727134e+03
-6.743669772727273084e+03,1.399215227272727361e+03
-6.743669772727273084e+03,1.199215227272727134e+03
-6.743669772727273084e+03,9.992152272727271338e+02
-6.743669772727273084e+03,7.992152272727271338e+02
-6.743669772727273084e+03,5.992152272727271338e+02
-6.743669772727273084e+03,3.992152272727271338e+02
-6.743669772727273084e+03,1.992152272727272475e+02
-6.743669772727273084e+03,-7.847727272727524905e-01
-6.743669772727273084e+03,-2.007847727272727525e+02
-6.743669772727273084e+03,-4.007847727272728662e+02
-6.743669772727273084e+03,-6.007847727272728662e+02
-6.743669772727273084e+03,-8.007847727272726388e+02
-6.743669772727273084e+03,-1.000784772727272752e+03
-6.743669772727273084e+03,-1.200784772727272866e+03
-6.743669772727273084e+03,-1.400784772727272639e+03
-6.543669772727273084e+03,-1.800784772727272866e+03
-6.543669772727273084e+03,-1.600784772727272866e+03
-6.543669772727273084e+03,-1.400784772727272639e+03
-6.543669772727273084e+03,-1.200784772727272866e+03
-6.543669772727273084e+03,-1.000784772727272752e+03
-6.543669772727273084e+03,-8.007847727272726388e+02
-6.543669772727273084e+03,-6.007847727272728662e+02
-6.543669772727273084e+03,-4.007847727272728662e+02
-6.543669772727273084e+03,-2.007847727272727525e+02
-6.543669772727273084e+03,-7.847727272727524905e-01
-6.543669772727273084e+03,1.992152272727272475e+02
-6.543669772727273084e+03,3.992152272727271338e+02
-6.543669772727273084e+03,5.992152272727271338e+02
-6.543669772727273084e+03,7.992152272727271338e+02
-6.543669772727273084e+03,9.992152272727271338e+02
-6.543669772727273084e+03,1.199215227272727134e+03
-6.543669772727273084e+03,1.399215227272727361e+03
-6.543669772727273084e+03,1.599215227272727134e+03
-6.543669772727273084e+03,1.799215227272727134e+03
-6.543669772727273084e+03,1.999215227272727134e+03
-6.343669772727273084e+03,2.199215227272727134e+03
-6.343669772727273084e+03,1.999215227272727134e+03
-6.343669772727273084e+03,1.799215227272727134e+03
-6.343669772727273084e+03,1.599215227272727134e+03
-6.343669772727273084e+03,1.399215227272727361e+03
-6.343669772727273084e+03,1.199215227272727134e+03
-6.343669772727273084e+03,9.992152272727271338e+02
-6.343669772727273084e+03,7.992152272727271338e+02
-6.343669772727273084e+03,5.992152272727271338e+02
-6.343669772727273084e+03,3.992152272727271338e+02
-6.343669772727273084e+03,1.992152272727272475e+02
-6.343669772727273084e+03,-7.847727272727524905e-01
-6.343669772727273084e+03,-2.007847727272727525e+02
-6.343669772727273084e+03,-4.007847727272728662e+02
-6.343669772727273084e+03,-6.007847727272728662e+02
-6.343669772727273084e+03,-8.007847727272726388e+02
-6.343669772727273084e+03,-1.000784772727272752e+03
-6.343669772727273084e+03,-1.200784772727272866e+03
-6.343669772727273084e+03,-1.400784772727272639e+03
-6.343669772727273084e+03,-1.600784772727272866e+03
-6.343669772727273084e+03,-1.800784772727272866e+03
-6.143669772727273084e+03,-2.000784772727272866e+03
-6.143669772727273084e+03,-1.800784772727272866e+03
-6.143669772727273084e+03,-1.600784772727272866e+03
-6.143669772727273084e+03,-1.400784772727272639e+03
-6.143669772727273084e+03,-1.200784772727272866e+03
-6.143669772727273084e+03,-1.000784772727272752e+03
-6.143669772727273084e+03,-8.007847727272726388e+02
-6.143669772727273084e+03,-6.007847727272728662e+02
-6.143669772727273084e+03,-4.007847727272728662e+02
-6.143669772727273084e+03,-2.007847727272727525e+02
-6.143669772727273084e+03,-7.847727272727524905e-01
-6.143669772727273084e+03,1.992152272727272475e+02
-6.143669772727273084e+03,3.992152272727271338e+02
-6.143669772727273084e+03,5.992152272727271338e+02
-6.143669772727273084e+03,7.992152272727271338e+02
-6.143669772727273084e+03,9.992152272727271338e+02
-6.143669772727273084e+03,1.199215227272727134e+03
-6.143669772727273084e+03,1.399215227272727361e+03
-6.143669772727273084e+03,1.599215227272727134e+03
-6.143669772727273084e+03,1.799215227272727134e+03
-6.143669772727273084e+03,1.999215227272727134e+03
-6.143669772727273084e+03,2.199215227272727134e+03
-5.943669772727273084e+03,2.199215227272727134e+03
-5.943669772727273084e+03,1.999215227272727134e+03
-5.943669772727273084e+03,1.799215227272727134e+03
-5.943669772727273084e+03,1.599215227272727134e+03
-5.943669772727273084e+03,1.399215227272727361e+03
-5.943669772727273084e+03,1.199215227272727134e+03
-5.943669772727273084e+03,9.992152272727271338e+02
-5.943669772727273084e+03,7.992152272727271338e+02
-5.943669772727273084e+03,5.992152272727271338e+02
-5.943669772727273084e+03,3.992152272727271338e+02
-5.943669772727273084e+03,1.992152272727272475e+02
-5.943669772727273084e+03,-7.847727272727524905e-01
-5.943669772727273084e+03,-2.007847727272727525e+02
-5.943669772727273084e+03,-4.007847727272728662e+02
-5.943669772727273084e+03,-6.007847727272728662e+02
-5.943669772727273084e+03,-8.007847727272726388e+02
-5.943669772727273084e+03,-1.000784772727272752e+03
-5.943669772727273084e+03,-1.200784772727272866e+03
-5.943669772727273084e+03,-1.400784772727272639e+03
-5.943669772727273084e+03,-1.600784772727272866e+03
-5.943669772727273084e+03,-1.800784772727272866e+03
-5.943669772727273084e+03,-2.000784772727272866e+03
-5.743669772727273994e+03,-2.000784772727272866e+03
-5.743669772727273994e+03,-1.800784772727272866e+03
-5.743669772727273994e+03,-1.600784772727272866e+03
-5.743669772727273994e+03,-1.400784772727272639e+03
-5.743669772727273994e+03,-1.200784772727272866e+03
-5.743669772727273994e+03,-1.000784772727272752e+03
-5.743669772727273994e+03,-8.007847727272726388e+02
-5.743669772727273994e+03,-6.007847727272728662e+02
-5.743669772727273994e+03,-4.007847727272728662e+02
-5.743669772727273994e+03,-2.007847727272727525e+02
-5.743669772727273994e+03,-7.847727272727524905e-01
-5.743669772727273994e+03,1.992152272727272475e+02
-5.743669772727273994e+03,3.992152272727271338e+02
-5.743669772727273994e+03,5.992152272727271338e+02
-5.743669772727273994e+03,7.992152272727271338e+02
-5.743669772727273994e+03,9.992152272727271338e+02
-5.743669772727273994e+03,1.199215227272727134e+03
-5.743669772727273994e+03,1.399215227272727361e+03
-5.743669772727273994e+03,1.599215227272727134e+03
-5.743669772727273994e+03,1.799215227272727134e+03
-5.743669772727273994e+03,1.999215227272727134e+03
-5.743669772727273994e+03,2.199215227272727134e+03
-5.543669772727273994e+03,2.199215227272727134e+03
-5.543669772727273994e+03,1.999215227272727134e+03
-5.543669772727273994e+03,1.799215227272727134e+03
-5.543669772727273994e+03,1.599215227272727134e+03
-5.543669772727273994e+03,1.399215227272727361e+03
-5.543669772727273994e+03,1.199215227272727134e+03
-5.543669772727273994e+03,9.992152272727271338e+02
-5.543669772727273994e+03,7.992152272727271338e+02
-5.543669772727273994e+03,5.992152272727271338e+02
-5.543669772727273994e+03,3.992152272727271338e+02
-5.543669772727273994e+03,1.992152272727272475e+02
-5.543669772727273994e+03,-7.847727272727524905e-01
-5.543669772727273994e+03,-2.007847727272727525e+02
-5.543669772727273994e+03,-4.007847727272728662e+02
-5.543669772727273994e+03,-6.007847727272728662e+02
-5.543669772727273994e+03,-8.007847727272726388e+02
-5.543669772727273994e+03,-1.000784772727272752e+03
-5.543669772727273994e+03,-1.200784772727272866e+03
-5.543669772727273994e+03,-1.400784772727272639e+03
-5.543669772727273994e+03,-1.600784772727272866e+03
-5.543669772727273994e+03,-1.800784772727272866e+03
-5.543669772727273994e+03,-2.000784772727272866e+03
-5.343669772727273994e+03,-1.800784772727272866e+03
-5.343669772727273994e+03,-1.600784772727272866e+03
-5.343669772727273994e+03,-1.400784772727272639e+03
-5.343669772727273994e+03,-1.200784772727272866e+03
-5.343669772727273994e+03,-1.000784772727272752e+03
-5.343669772727273994e+03,-8.007847727272726388e+02
-5.343669772727273994e+03,-6.007847727272728662e+02
-5.343669772727273994e+03,-4.007847727272728662e+02
-5.343669772727273994e+03,-2.007847727272727525e+02
-5.343669772727273994e+03,-7.847727272727524905e-01
-5.343669772727273994e+03,1.992152272727272475e+02
-5.343669772727273994e+03,3.992152272727271338e+02
-5.343669772727273994e+03,5.992152272727271338e+02
-5.343669772727273994e+03,7.992152272727271338e+02
-5.343669772727273994e+03,9.992152272727271338e+02
-5.343669772727273994e+03,1.199215227272727134e+03
-5.343669772727273994e+03,1.399215227272727361e+03
-5.343669772727273994e+03,1.599215227272727134e+03
-5.343669772727273994e+03,1.799215227272727134e+03
-5.343669772727273994e+03,1.999215227272727134e+03
-5.343669772727273994e+03,2.199215227272727134e+03
-5.343669772727273994e+03,2.399215227272727134e+03
-5.143669772727273994e+03,2.599215227272727134e+03
-5.143669772727273994e+03,2.399215227272727134e+03
-5.143669772727273994e+03,2.199215227272727134e+03
-5.143669772727273994e+03,1.999215227272727134e+03
-5.143669772727273994e+03,1.799215227272727134e+03
-5.143669772727273994e+03,1.599215227272727134e+03
-5.143669772727273994e+03,1.399215227272727361e+03
-5.143669772727273994e+03,1.199215227272727134e+03
-5.143669772727273994e+03,9.992152272727271338e+02
-5.143669772727273994e+03,7.992152272727271338e+02
-5.143669772727273994e+03,5.992152272727271338e+02
-5.143669772727273994e+03,3.992152272727271338e+02
-5.143669772727273994e+03,1.992152272727272475e+02
-5.143669772727273994e+03,-7.847727272727524905e-01
-5.143669772727273994e+03,-2.007847727272727525e+02
-5.143669772727273994e+03,-4.007847727272728662e+02
-5.143669772727273994e+03,-6.007847727272728662e+02
-5.143669772727273994e+03,-8.007847727272726388e+02
-5.143669772727273994e+03,-1.000784772727272752e+03
-5.143669772727273994e+03,-1.200784772727272866e+03
-5.143669772727273994e+03,-1.400784772727272639e+03
-5.143669772727273994e+03,-1.600784772727272866e+03
-4.943669772727273994e+03,-1.600784772727272866e+03
-4.943669772727273994e+03,-1.400784772727272639e+03
-4.943669772727273994e+03,-1.200784772727272866e+03
-4.943669772727273994e+03,-1.000784772727272752e+03
-4.943669772727273994e+03,-8.007847727272726388e+02
-4.943669772727273994e+03,-6.007847727272728662e+02
-4.943669772727273994e+03,-4.007847727272728662e+02
-4.943669772727273994e+03,-2.007847727272727525e+02
-4.943669772727273994e+03,-7.847727272727524905e-01
-4.943669772727273994e+03,1.992152272727272475e+02
-4.943669772727273994e+03,3.992152272727271338e+02
-4.943669772727273994e+03,5.992152272727271338e+02
-4.943669772727273994e+03,7.992152272727271338e+02
-4.943669772727273994e+03,9.992152272727271338e+02
-4.943669772727273994e+03,1.199215227272727134e+03
-4.943669772727273994e+03,1.399215227272727361e+03
-4.943669772727273994e+03,1.599215227272727134e+03
-4.943669772727273994e+03,1.799215227272727134e+03
-4.943669772727273994e+03,1.999215227272727134e+03
-4.943669772727273994e+03,2.199215227272727134e+03
-4.943669772727273994e+03,2.399215227272727134e+03
-4.943669772727273994e+03,2.599215227272727134e+03
-4.743669772727273994e+03,2.599215227272727134e+03
-4.743669772727273994e+03,2.399215227272727134e+03
-4.743669772727273994e+03,2.199215227272727134e+03
-4.743669772727273994e+03,1.999215227272727134e+03
-4.743669772727273994e+03,1.799215227272727134e+03
-4.743669772727273994e+03,1.599215227272727134e+03
-4.743669772727273994e+03,1.399215227272727361e+03
-4.743669772727273994e+03,1.199215227272727134e+03
-4.743669772727273994e+03,9.992152272727271338e+02
-4.743669772727273994e+03,7.992152272727271338e+02
-4.743669772727273994e+03,5.992152272727271338e+02
-4.743669772727273994e+03,3.992152272727271338e+02
-4.743669772727273994e+03,1.992152272727272475e+02
-4.743669772727273994e+03,-7.847727272727524905e-01
-4.743669772727273994e+03,-2.007847727272727525e+02
-4.743669772727273994e+03,-4.007847727272728662e+02
-4.743669772727273994e+03,-6.007847727272728662e+02
-4.743669772727273994e+03,-8.007847727272726388e+02
-4.743669772727273994e+03,-1.000784772727272752e+03
-4.743669772727273994e+03,-1.200784772727272866e+03
-4.743669772727273994e+03,-1.400784772727272639e+03
-4.743669772727273994e+03,-1.600784772727272866e+03
-4.543669772727273084e+03,-1.400784772727272639e+03
-4.543669772727273084e+03,-1.200784772727272866e+03
-4.543669772727273084e+03,-1.000784772727272752e+03
-4.543669772727273084e+03,-8.007847727272726388e+02
-4.543669772727273084e+03,-6.007847727272728662e+02
-4.543669772727273084e+03,-4.007847727272728662e+02
-4.543669772727273084e+03,-2.007847727272727525e+02
-4.543669772727273084e+03,-7.847727272727524905e-01
-4.543669772727273084e+03,1.992152272727272475e+02
-4.543669772727273084e+03,3.992152272727271338e+02
-4.543669772727273084e+03,5.992152272727271338e+02
-4.543669772727273084e+03,7.992152272727271338e+02
-4.543669772727273084e+03,9.992152272727271338e+02
-4.543669772727273084e+03,1.199215227272727134e+03
-4.543669772727273084e+03,1.399215227272727361e+03
-4.543669772727273084e+03,1.599215227272727134e+03
-4.543669772727273084e+03,1.799215227272727134e+03
-4.543669772727273084e+03,1.999215227272727134e+03
-4.543669772727273084e+03,2.199215227272727134e+03
-4.543669772727273084e+03,2.399215227272727134e+03
-4.343669772727273084e+03,2.199215227272727134e+03
-4.343669772727273084e+03,1.999215227272727134e+03
-4.343669772727273084e+03,1.799215227272727134e+03
-4.343669772727273084e+03,1.599215227272727134e+03
-4.343669772727273084e+03,1.399215227272727361e+03
-4.343669772727273084e+03,1.199215227272727134e+03
-4.343669772727273084e+03,9.992152272727271338e+02
-4.343669772727273084e+03,7.992152272727271338e+02
-4.343669772727273084e+03,5.992152272727271338e+02
-4.343669772727273084e+03,3.992152272727271338e+02
-4.343669772727273084e+03,1.992152272727272475e+02
-4.343669772727273084e+03,-7.847727272727524905e-01
-4.343669772727273084e+03,-2.007847727272727525e+02
-4.343669772727273084e+03,-4.007847727272728662e+02
-4.343669772727273084e+03,-6.007847727272728662e+02
-4.343669772727273084e+03,-8.007847727272726388e+02
-4.343669772727273084e+03,-1.000784772727272752e+03
-4.343669772727273084e+03,-1.200784772727272866e+03
-4.343669772727273084e+03,-1.400784772727272639e+03
-4.143669772727273084e+03,-1.200784772727272866e+03
-4.143669772727273084e+03,-1.000784772727272752e+03
-4.143669772727273084e+03,-8.007847727272726388e+02
-4.143669772727273084e+03,-6.007847727272728662e+02
-4.143669772727273084e+03,-4.007847727272728662e+02
-4.143669772727273084e+03,-2.007847727272727525e+02
-4.143669772727273084e+03,-7.847727272727524905e-01
-4.143669772727273084e+03,1.992152272727272475e+02
-4.143669772727273084e+03,3.992152272727271338e+02
-4.143669772727273084e+03,5.992152272727271338e+02
-4.143669772727273084e+03,7.992152272727271338e+02
-4.143669772727273084e+03,9.992152272727271338e+02
-4.143669772727273084e+03,1.199215227272727134e+03
-4.143669772727273084e+03,1.399215227272727361e+03
-4.143669772727273084e+03,1.599215227272727134e+03
-4.143669772727273084e+03,1.799215227272727134e+03
-4.143669772727273084e+03,1.999215227272727134e+03
-4.143669772727273084e+03,2.199215227272727134e+03
-3.943669772727273084e+03,2.199215227272727134e+03
-3.943669772727273084e+03,1.999215227272727134e+03
-3.943669772727273084e+03,1.799215227272727134e+03
-3.943669772727273084e+03,1.599215227272727134e+03
-3.943669772727273084e+03,1.399215227272727361e+03
-3.943669772727273084e+03,1.199215227272727134e+03
-3.943669772727273084e+03,9.992152272727271338e+02
-3.943669772727273084e+03,7.992152272727271338e+02
-3.943669772727273084e+03,5.992152272727271338e+02
-3.943669772727273084e+03,3.992152272727271338e+02
-3.943669772727273084e+03,1.992152272727272475e+02
-3.943669772727273084e+03,-7.847727272727524905e-01
-3.943669772727273084e+03,-2.007847727272727525e+02
-3.943669772727273084e+03,-4.007847727272728662e+02
-3.943669772727273084e+03,-6.007847727272728662e+02
-3.943669772727273084e+03,-8.007847727272726388e+02
-3.943669772727273084e+03,-1.000784772727272752e+03
-3.943669772727273084e+03,-1.200784772727272866e+03
-3.743669772727273084e+03,-1.000784772727272752e+03
-3.743669772727273084e+03,-8.007847727272726388e+02
-3.743669772727273084e+03,-6.007847727272728662e+02
-3.743669772727273084e+03,-4.007847727272728662e+02
-3.743669772727273084e+03,-2.007847727272727525e+02
-3.743669772727273084e+03,-7.847727272727524905e-01
-3.743669772727273084e+03,1.992152272727272475e+02
-3.743669772727273084e+03,3.992152272727271338e+02
-3.743669772727273084e+03,5.992152272727271338e+02
-3.743669772727273084e+03,7.992152272727271338e+02
-3.743669772727273084e+03,9.992152272727271338e+02
-3.743669772727273084e+03,1.199215227272727134e+03
-3.743669772727273084e+03,1.399215227272727361e+03
-3.743669772727273084e+03,1.599215227272727134e+03
-3.743669772727273084e+03,1.799215227272727134e+03
-3.743669772727273084e+03,1.999215227272727134e+03
-3.743669772727273084e+03,2.199215227272727134e+03
-3.543669772727273084e+03,2.199215227272727134e+03
-3.543669772727273084e+03,1.999215227272727134e+03
-3.543669772727273084e+03,1.799215227272727134e+03
-3.543669772727273084e+03,1.599215227272727134e+03
-3.543669772727273084e+03,1.399215227272727361e+03
-3.543669772727273084e+03,1.199215227272727134e+03
-3.543669772727273084e+03,9.992152272727271338e+02
-3.543669772727273084e+03,7.992152272727271338e+02
-3.543669772727273084e+03,5.992152272727271338e+02
-3.543669772727273084e+03,3.992152272727271338e+02
-3.543669772727273084e+03,1.992152272727272475e+02
-3.543669772727273084e+03,-7.847727272727524905e-01
-3.543669772727273084e+03,-2.007847727272727525e+02
-3.543669772727273084e+03,-4.007847727272728662e+02
-3.543669772727273084e+03,-6.007847727272728662e+02
-3.543669772727273084e+03,-8.007847727272726388e+02
-3.543669772727273084e+03,-1.000784772727272752e+03
-3.343669772727273084e+03,-8.007847727272726388e+02
-3.343669772727273084e+03,-6.007847727272728662e+02
-3.343669772727273084e+03,-4.007847727272728662e+02
-3.343669772727273084e+03,-2.007847727272727525e+02
-3.343669772727273084e+03,-7.847727272727524905e-01
-3.343669772727273084e+03,1.992152272727272475e+02
-3.343669772727273084e+03,3.992152272727271338e+02
-3.343669772727273084e+03,5.992152272727271338e+02
-3.343669772727273084e+03,7.992152272727271338e+02
-3.343669772727273084e+03,9.992152272727271338e+02
-3.343669772727273084e+03,1.199215227272727134e+03
-3.343669772727273084e+03,1.399215227272727361e+03
-3.343669772727273084e+03,1.599215227272727134e+03
-3.343669772727273084e+03,1.799215227272727134e+03
-3.343669772727273084e+03,1.999215227272727134e+03
-3.343669772727273084e+03,2.199215227272727134e+03
-3.143669772727273084e+03,2.199215227272727134e+03
-3.143669772727273084e+03,1.999215227272727134e+03
-3.143669772727273084e+03,1.799215227272727134e+03
-3.143669772727273084e+03,1.599215227272727134e+03
-3.143669772727273084e+03,1.399215227272727361e+03
-3.143669772727273084e+03,1.199215227272727134e+03
-3.143669772727273084e+03,9.992152272727271338e+02
-3.143669772727273084e+03,7.992152272727271338e+02
-3.143669772727273084e+03,5.992152272727271338e+02
-3.143669772727273084e+03,3.992152272727271338e+02
-3.143669772727273084e+03,1.992152272727272475e+02
-3.143669772727273084e+03,-7.847727272727524905e-01
-3.143669772727273084e+03,-2.007847727272727525e+02
-3.143669772727273084e+03,-4.007847727272728662e+02
-3.143669772727273084e+03,-6.007847727272728662e+02
-2.943669772727273084e+03,-2.007847727272727525e+02
-2.943669772727273084e+03,-7.847727272727524905e-01
-2.943669772727273084e+03,1.992152272727272475e+02
-2.943669772727273084e+03,3.992152272727271338e+02
-2.943669772727273084e+03,5.992152272727271338e+02
-2.943669772727273084e+03,7.992152272727271338e+02
-2.943669772727273084e+03,9.992152272727271338e+02
-2.943669772727273084e+03,1.199215227272727134e+03
-2.943669772727273084e+03,1.399215227272727361e+03
-2.943669772727273084e+03,1.599215227272727134e+03
-2.943669772727273084e+03,1.799215227272727134e+03
-2.943669772727273084e+03,1.999215227272727134e+03
-2.943669772727273084e+03,2.199215227272727134e+03
-2.743669772727273084e+03,2.199215227272727134e+03
-2.743669772727273084e+03,1.999215227272727134e+03
-2.743669772727273084e+03,1.799215227272727134e+03
-2.743669772727273084e+03,1.599215227272727134e+03
-2.743669772727273084e+03,1.399215227272727361e+03
-2.743669772727273084e+03,1.199215227272727134e+03
-2.743669772727273084e+03,9.992152272727271338e+02
-2.743669772727273084e+03,7.992152272727271338e+02
-2.743669772727273084e+03,5.992152272727271338e+02
-2.743669772727273084e+03,3.992152272727271338e+02
-2.743669772727273084e+03,1.992152272727272475e+02
-2.543669772727273084e+03,3.992152272727271338e+02
-2.543669772727273084e+03,5.992152272727271338e+02
-2.543669772727273084e+03,7.992152272727271338e+02
-2.543669772727273084e+03,9.992152272727271338e+02
-2.543669772727273084e+03,1.199215227272727134e+03
-2.543669772727273084e+03,1.399215227272727361e+03
-2.543669772727273084e+03,1.599215227272727134e+03
-2.543669772727273084e+03,1.799215227272727134e+03
-2.543669772727273084e+03,1.999215227272727134e+03
-2.543669772727273084e+03,2.199215227272727134e+03
-2.343669772727273084e+03,2.199215227272727134e+03
-2.343669772727273084e+03,1.999215227272727134e+03
-2.343669772727273084e+03,1.799215227272727134e+03
-2.343669772727273084e+03,1.599215227272727134e+03
-2.343669772727273084e+03,1.399215227272727361e+03
-2.343669772727273084e+03,1.199215227272727134e+03
-2.343669772727273084e+03,9.992152272727271338e+02
-2.343669772727273084e+03,7.992152272727271338e+02
-2.343669772727273084e+03,5.992152272727271338e+02
-2.143669772727273084e+03,7.992152272727271338e+02
-2.143669772727273084e+03,9.992152272727271338e+02
-2.143669772727273084e+03,1.199215227272727134e+03
-2.143669772727273084e+03,1.399215227272727361e+03
-2.143669772727273084e+03,1.599215227272727134e+03
-2.143669772727273084e+03,1.799215227272727134e+03
-2.143669772727273084e+03,1.999215227272727134e+03
-2.143669772727273084e+03,2.199215227272727134e+03
-1.943669772727272857e+03,2.199215227272727134e+03
-1.943669772727272857e+03,1.999215227272727134e+03
-1.943669772727272857e+03,1.799215227272727134e+03
-1.943669772727272857e+03,1.599215227272727134e+03
-1.943669772727272857e+03,1.399215227272727361e+03
-1.943669772727272857e+03,1.199215227272727134e+03
-1.743669772727272857e+03,1.599215227272727134e+03
-1.743669772727272857e+03,1.799215227272727134e+03
-1.743669772727272857e+03,1.999215227272727134e+03
5.689660344827584595e+02,1.317337241379310399e+03
5.689660344827584595e+02,1.117337241379310399e+03
5.689660344827584595e+02,9.173372413793103988e+02
5.689660344827584595e+02,7.173372413793103988e+02
5.689660344827584595e+02,5.173372413793103988e+02
5.689660344827584595e+02,-8.266275862068971492e+01
5.689660344827584595e+02,-2.826627586206896581e+02
5.689660344827584595e+02,-4.826627586206896012e+02
5.689660344827584595e+02,-6.826627586206896012e+02
7.689660344827584595e+02,-1.082662758620689601e+03
7.689660344827584595e+02,-8.826627586206898286e+02
7.689660344827584595e+02,-6.826627586206896012e+02
7.689660344827584595e+02,-4.826627586206896012e+02
7.689660344827584595e+02,-2.826627586206896581e+02
7.689660344827584595e+02,-8.266275862068971492e+01
7.689660344827584595e+02,1.173372413793102851e+02
7.689660344827584595e+02,3.173372413793102851e+02
7.689660344827584595e+02,5.173372413793103988e+02
7.689660344827584595e+02,7.173372413793103988e+02
7.689660344827584595e+02,9.173372413793103988e+02
7.689660344827584595e+02,1.117337241379310399e+03
7.689660344827584595e+02,1.317337241379310399e+03
7.689660344827584595e+02,1.517337241379310626e+03
7.689660344827584595e+02,1.717337241379310626e+03
9.689660344827584595e+02,1.717337241379310626e+03
9.689660344827584595e+02,1.517337241379310626e+03
9.689660344827584595e+02,1.317337241379310399e+03
9.689660344827584595e+02,1.117337241379310399e+03
9.689660344827584595e+02,9.173372413793103988e+02
9.689660344827584595e+02,7.173372413793103988e+02
9.689660344827584595e+02,5.173372413793103988e+02
9.689660344827584595e+02,3.173372413793102851e+02
9.689660344827584595e+02,1.173372413793102851e+02
9.689660344827584595e+02,-8.266275862068971492e+01
9.689660344827584595e+02,-2.826627586206896581e+02
9.689660344827584595e+02,-4.826627586206896012e+02
9.689660344827584595e+02,-6.826627586206896012e+02
9.689660344827584595e+02,-8.826627586206898286e+02
9.689660344827584595e+02,-1.082662758620689601e+03
9.689660344827584595e+02,-1.282662758620689601e+03
1.168966034482758459e+03,-1.682662758620689374e+03
1.168966034482758459e+03,-1.482662758620689374e+03
1.168966034482758459e+03,-1.282662758620689601e+03
1.168966034482758459e+03,-1.082662758620689601e+03
1.168966034482758459e+03,-8.826627586206898286e+02
1.168966034482758459e+03,-6.826627586206896012e+02
1.168966034482758459e+03,-4.826627586206896012e+02
1.168966034482758459e+03,-2.826627586206896581e+02
1.168966034482758459e+03,-8.266275862068971492e+01
1.168966034482758459e+03,1.173372413793102851e+02
1.168966034482758459e+03,3.173372413793102851e+02
1.168966034482758459e+03,5.173372413793103988e+02
1.168966034482758459e+03,7.173372413793103988e+02
1.168966034482758459e+03,9.173372413793103988e+02
1.168966034482758459e+03,1.117337241379310399e+03
1.168966034482758459e+03,1.317337241379310399e+03
1.168966034482758459e+03,1.517337241379310626e+03
1.168966034482758459e+03,1.717337241379310626e+03
1.368966034482758459e+03,1.717337241379310626e+03
1.368966034482758459e+03,1.517337241379310626e+03
1.368966034482758459e+03,1.317337241379310399e+03
1.368966034482758459e+03,1.117337241379310399e+03
1.368966034482758459e+03,9.173372413793103988e+02
1.368966034482758459e+03,7.173372413793103988e+02
1.368966034482758459e+03,5.173372413793103988e+02
1.368966034482758459e+03,3.173372413793102851e+02
1.368966034482758459e+03,1.173372413793102851e+02
1.368966034482758459e+03,-8.266275862068971492e+01
1.368966034482758459e+03,-2.826627586206896581e+02
1.368966034482758459e+03,-4.826627586206896012e+02
1.368966034482758459e+03,-6.826627586206896012e+02
1.368966034482758459e+03,-8.826627586206898286e+02
1.368966034482758459e+03,-1.082662758620689601e+03
1.368966034482758459e+03,-1.282662758620689601e+03
1.368966034482758459e+03,-1.482662758620689374e+03
1.368966034482758459e+03,-1.682662758620689374e+03
1.368966034482758459e+03,-1.882662758620689374e+03
1.568966034482758459e+03,-2.082662758620689601e+03
1.568966034482758459e+03,-1.882662758620689374e+03
1.568966034482758459e+03,-1.682662758620689374e+03
1.568966034482758459e+03,-1.482662758620689374e+03
1.568966034482758459e+03,-1.282662758620689601e+03
1.568966034482758459e+03,-1.082662758620689601e+03
1.568966034482758459e+03,-8.826627586206898286e+02
1.568966034482758459e+03,-6.826627586206896012e+02
1.568966034482758459e+03,-4.826627586206896012e+02
1.568966034482758459e+03,-2.826627586206896581e+02
1.568966034482758459e+03,-8.266275862068971492e+01
1.568966034482758459e+03,1.173372413793102851e+02
1.568966034482758459e+03,3.173372413793102851e+02
1.568966034482758459e+03,5.173372413793103988e+02
1.568966034482758459e+03,7.173372413793103988e+02
1.568966034482758459e+03,9.173372413793103988e+02
1.568966034482758459e+03,1.117337241379310399e+03
1.568966034482758459e+03,1.317337241379310399e+03
1.568966034482758459e+03,1.517337241379310626e+03
1.568966034482758459e+03,1.717337241379310626e+03
1.768966034482758459e+03,1.717337241379310626e+03
1.768966034482758459e+03,1.517337241379310626e+03
1.768966034482758459e+03,1.317337241379310399e+03
1.768966034482758459e+03,1.117337241379310399e+03
1.768966034482758459e+03,9.173372413793103988e+02
1.768966034482758459e+03,7.173372413793103988e+02
1.768966034482758459e+03,5.173372413793103988e+02
1.768966034482758459e+03,3.173372413793102851e+02
1.768966034482758459e+03,1.173372413793102851e+02
1.768966034482758459e+03,-8.266275862068971492e+01
1.768966034482758459e+03,-2.826627586206896581e+02
1.768966034482758459e+03,-4.826627586206896012e+02
1.768966034482758459e+03,-6.826627586206896012e+02
1.768966034482758459e+03,-8.826627586206898286e+02
1.768966034482758459e+03,-1.082662758620689601e+03
1.768966034482758459e+03,-1.282662758620689601e+03
1.768966034482758459e+03,-1.482662758620689374e+03
1.768966034482758459e+03,-1.682662758620689374e+03
1.768966034482758459e+03,-1.882662758620689374e+03
1.768966034482758459e+03,-2.082662758620689601e+03
1.968966034482758459e+03,-2.082662758620689601e+03
1.968966034482758459e+03,-1.882662758620689374e+03
1.968966034482758459e+03,-1.682662758620689374e+03
1.968966034482758459e+03,-1.482662758620689374e+03
1.968966034482758459e+03,-1.282662758620689601e+03
1.968966034482758459e+03,-1.082662758620689601e+03
1.968966034482758459e+03,-8.826627586206898286e+02
1.968966034482758459e+03,-6.826627586206896012e+02
1.968966034482758459e+03,-4.826627586206896012e+02
1.968966034482758459e+03,-2.826627586206896581e+02
1.968966034482758459e+03,-8.266275862068971492e+01
1.968966034482758459e+03,1.173372413793102851e+02
1.968966034482758459e+03,3.173372413793102851e+02
1.968966034482758459e+03,5.173372413793103988e+02
1.968966034482758459e+03,7.173372413793103988e+02
1.968966034482758459e+03,9.173372413793103988e+02
1.968966034482758459e+03,1.117337241379310399e+03
1.968966034482758459e+03,1.317337241379310399e+03
1.968966034482758459e+03,1.517337241379310626e+03
1.968966034482758459e+03,1.717337241379310626e+03
1.968966034482758459e+03,1.917337241379310626e+03
2.168966034482758459e+03,1.917337241379310626e+03
2.168966034482758459e+03,1.717337241379310626e+03
2.168966034482758459e+03,1.517337241379310626e+03
2.168966034482758459e+03,1.317337241379310399e+03
2.168966034482758459e+03,1.117337241379310399e+03
2.168966034482758459e+03,9.173372413793103988e+02
2.168966034482758459e+03,7.173372413793103988e+02
2.168966034482758459e+03,5.173372413793103988e+02
2.168966034482758459e+03,3.173372413793102851e+02
2.168966034482758459e+03,1.173372413793102851e+02
2.168966034482758459e+03,-8.266275862068971492e+01
2.168966034482758459e+03,-2.826627586206896581e+02
2.168966034482758459e+03,-4.826627586206896012e+02
2.168966034482758459e+03,-6.826627586206896012e+02
2.168966034482758459e+03,-8.826627586206898286e+02
2.168966034482758459e+03,-1.082662758620689601e+03
2.168966034482758459e+03,-1.282662758620689601e+03
2.168966034482758459e+03,-1.482662758620689374e+03
2.168966034482758459e+03,-1.682662758620689374e+03
2.168966034482758459e+03,-1.882662758620689374e+03
2.168966034482758459e+03,-2.082662758620689601e+03
2.168966034482758459e+03,-2.282662758620689601e+03
2.368966034482758459e+03,-2.282662758620689601e+03
2.368966034482758459e+03,-2.082662758620689601e+03
2.368966034482758459e+03,-1.882662758620689374e+03
2.368966034482758459e+03,-1.682662758620689374e+03
2.368966034482758459e+03,-1.482662758620689374e+03
2.368966034482758459e+03,-1.282662758620689601e+03
2.368966034482758459e+03,-1.082662758620689601e+03
2.368966034482758459e+03,-8.826627586206898286e+02
2.368966034482758459e+03,-6.826627586206896012e+02
2.368966034482758459e+03,-4.826627586206896012e+02
2.368966034482758459e+03,-2.826627586206896581e+02
2.368966034482758459e+03,-8.266275862068971492e+01
2.368966034482758459e+03,1.173372413793102851e+02
2.368966034482758459e+03,3.173372413793102851e+02
2.368966034482758459e+03,5.173372413793103988e+02
2.368966034482758459e+03,7.173372413793103988e+02
2.368966034482758459e+03,9.173372413793103988e+02
2.368966034482758459e+03,1.117337241379310399e+03
2.368966034482758459e+03,1.317337241379310399e+03
2.368966034482758459e+03,1.517337241379310626e+03
2.368966034482758459e+03,1.717337241379310626e+03
2.368966034482758459e+03,1.917337241379310626e+03
2.368966034482758459e+03,2.117337241379310399e+03
2.568966034482758459e+03,2.117337241379310399e+03
2.568966034482758459e+03,1.917337241379310626e+03
2.568966034482758459e+03,1.717337241379310626e+03
2.568966034482758459e+03,1.517337241379310626e+03
2.568966034482758459e+03,1.317337241379310399e+03
2.568966034482758459e+03,1.117337241379310399e+03
2.568966034482758459e+03,9.173372413793103988e+02
2.568966034482758459e+03,7.173372413793103988e+02
2.568966034482758459e+03,5.173372413793103988e+02
2.568966034482758459e+03,3.173372413793102851e+02
2.568966034482758459e+03,1.173372413793102851e+02
2.568966034482758459e+03,-8.266275862068971492e+01
2.568966034482758459e+03,-2.826627586206896581e+02
2.568966034482758459e+03,-4.826627586206896012e+02
2.568966034482758459e+03,-6.826627586206896012e+02
2.568966034482758459e+03,-8.826627586206898286e+02
2.568966034482758459e+03,-1.082662758620689601e+03
2.568966034482758459e+03,-1.282662758620689601e+03
2.568966034482758459e+03,-1.482662758620689374e+03
2.568966034482758459e+03,-1.682662758620689374e+03
2.568966034482758459e+03,-1.882662758620689374e+03
2.768966034482758914e+03,-1.882662758620689374e+03
2.768966034482758914e+03,-1.682662758620689374e+03
2.768966034482758914e+03,-1.482662758620689374e+03
2.768966034482758914e+03,-1.282662758620689601e+03
2.768966034482758914e+03,-1.082662758620689601e+03
2.768966034482758914e+03,-8.826627586206898286e+02
2.768966034482758914e+03,-6.826627586206896012e+02
2.768966034482758914e+03,-4.826627586206896012e+02
2.768966034482758914e+03,-2.826627586206896581e+02
2.768966034482758914e+03,-8.266275862068971492e+01
2.768966034482758914e+03,1.173372413793102851e+02
2.768966034482758914e+03,3.173372413793102851e+02
2.768966034482758914e+03,5.173372413793103988e+02
2.768966034482758914e+03,7.173372413793103988e+02
2.768966034482758914e+03,9.173372413793103988e+02
2.768966034482758914e+03,1.117337241379310399e+03
2.768966034482758914e+03,1.317337241379310399e+03
2.768966034482758914e+03,1.517337241379310626e+03
2.768966034482758914e+03,1.717337241379310626e+03
2.768966034482758914e+03,1.917337241379310626e+03
2.768966034482758914e+03,2.117337241379310399e+03
2.768966034482758914e+03,2.317337241379310399e+03
2.968966034482758914e+03,2.317337241379310399e+03
2.968966034482758914e+03,2.117337241379310399e+03
2.968966034482758914e+03,1.917337241379310626e+03
2.968966034482758914e+03,1.717337241379310626e+03
2.968966034482758914e+03,1.517337241379310626e+03
2.968966034482758914e+03,1.317337241379310399e+03
2.968966034482758914e+03,1.117337241379310399e+03
2.968966034482758914e+03,9.173372413793103988e+02
2.968966034482758914e+03,7.173372413793103988e+02
2.968966034482758914e+03,5.173372413793103988e+02
2.968966034482758914e+03,3.173372413793102851e+02
2.968966034482758914e+03,1.173372413793102851e+02
2.968966034482758914e+03,-8.266275862068971492e+01
2.968966034482758914e+03,-2.826627586206896581e+02
2.968966034482758914e+03,-4.826627586206896012e+02
2.968966034482758914e+03,-6.826627586206896012e+02
2.968966034482758914e+03,-8.826627586206898286e+02
2.968966034482758914e+03,-1.082662758620689601e+03
2.968966034482758914e+03,-1.282662758620689601e+03
2.968966034482758914e+03,-1.482662758620689374e+03
2.968966034482758914e+03,-1.682662758620689374e+03
3.168966034482758914e+03,-1.682662758620689374e+03
3.168966034482758914e+03,-1.482662758620689374e+03
3.168966034482758914e+03,-1.282662758620689601e+03
3.168966034482758914e+03,-1.082662758620689601e+03
3.168966034482758914e+03,-8.826627586206898286e+02
3.168966034482758914e+03,-6.826627586206896012e+02
3.168966034482758914e+03,-4.826627586206896012e+02
3.168966034482758914e+03,-2.826627586206896581e+02
3.168966034482758914e+03,-8.266275862068971492e+01
3.168966034482758914e+03,1.173372413793102851e+02
3.168966034482758914e+03,3.173372413793102851e+02
3.168966034482758914e+03,5.173372413793103988e+02
3.168966034482758914e+03,7.173372413793103988e+02
3.168966034482758914e+03,9.173372413793103988e+02
3.168966034482758914e+03,1.117337241379310399e+03
3.168966034482758914e+03,1.317337241379310399e+03
3.168966034482758914e+03,1.517337241379310626e+03
3.168966034482758914e+03,1.717337241379310626e+03
3.168966034482758914e+03,1.917337241379310626e+03
3.368966034482758914e+03,1.917337241379310626e+03
3.368966034482758914e+03,1.717337241379310626e+03
3.368966034482758914e+03,1.517337241379310626e+03
3.368966034482758914e+03,1.317337241379310399e+03
3.368966034482758914e+03,1.117337241379310399e+03
3.368966034482758914e+03,9.173372413793103988e+02
3.368966034482758914e+03,7.173372413793103988e+02
3.368966034482758914e+03,5.173372413793103988e+02
3.368966034482758914e+03,3.173372413793102851e+02
3.368966034482758914e+03,1.173372413793102851e+02
3.368966034482758914e+03,-8.266275862068971492e+01
3.368966034482758914e+03,-2.826627586206896581e+02
3.368966034482758914e+03,-4.826627586206896012e+02
3.368966034482758914e+03,-6.826627586206896012e+02
3.368966034482758914e+03,-8.826627586206898286e+02
3.368966034482758914e+03,-1.082662758620689601e+03
3.368966034482758914e+03,-1.282662758620689601e+03
3.368966034482758914e+03,-1.482662758620689374e+03
3.568966034482758914e+03,-1.482662758620689374e+03
3.568966034482758914e+03,-1.282662758620689601e+03
3.568966034482758914e+03,-1.082662758620689601e+03
3.568966034482758914e+03,-8.826627586206898286e+02
3.568966034482758914e+03,-6.826627586206896012e+02
3.568966034482758914e+03,-4.826627586206896012e+02
3.568966034482758914e+03,-2.826627586206896581e+02
3.568966034482758914e+03,-8.266275862068971492e+01
3.568966034482758914e+03,1.173372413793102851e+02
3.568966034482758914e+03,3.173372413793102851e+02
3.568966034482758914e+03,5.173372413793103988e+02
3.568966034482758914e+03,7.173372413793103988e+02
3.568966034482758914e+03,9.173372413793103988e+02
3.568966034482758914e+03,1.117337241379310399e+03
3.568966034482758914e+03,1.317337241379310399e+03
3.568966034482758914e+03,1.517337241379310626e+03
3.568966034482758914e+03,1.717337241379310626e+03
3.568966034482758914e+03,1.917337241379310626e+03
3.768966034482758914e+03,1.917337241379310626e+03
3.768966034482758914e+03,1.717337241379310626e+03
3.768966034482758914e+03,1.517337241379310626e+03
3.768966034482758914e+03,1.317337241379310399e+03
3.768966034482758914e+03,1.117337241379310399e+03
3.768966034482758914e+03,9.173372413793103988e+02
3.768966034482758914e+03,7.173372413793103988e+02
3.768966034482758914e+03,5.173372413793103988e+02
3.768966034482758914e+03,3.173372413793102851e+02
3.768966034482758914e+03,1.173372413793102851e+02
3.768966034482758914e+03,-8.266275862068971492e+01
3.768966034482758914e+03,-2.826627586206896581e+02
3.768966034482758914e+03,-4.826627586206896012e+02
3.768966034482758914e+03,-6.826627586206896012e+02
3.768966034482758914e+03,-8.826627586206898286e+02
3.768966034482758914e+03,-1.082662758620689601e+03
3.768966034482758914e+03,-1.282662758620689601e+03
3.768966034482758914e+03,-1.482662758620689374e+03
3.968966034482758914e+03,-1.282662758620689601e+03
3.968966034482758914e+03,-1.082662758620689601e+03
3.968966034482758914e+03,-8.826627586206898286e+02
3.968966034482758914e+03,-6.826627586206896012e+02
3.968966034482758914e+03,-4.826627586206896012e+02
3.968966034482758914e+03,-2.826627586206896581e+02
3.968966034482758914e+03,-8.266275862068971492e+01
3.968966034482758914e+03,1.173372413793102851e+02
3.968966034482758914e+03,3.173372413793102851e+02
3.968966034482758914e+03,5.173372413793103988e+02
3.968966034482758914e+03,7.173372413793103988e+02
3.968966034482758914e+03,9.173372413793103988e+02
3.968966034482758914e+03,1.117337241379310399e+03
3.968966034482758914e+03,1.317337241379310399e+03
3.968966034482758914e+03,1.517337241379310626e+03
3.968966034482758914e+03,1.717337241379310626e+03
3.968966034482758914e+03,1.917337241379310626e+03
4.168966034482758914e+03,1.917337241379310626e+03
4.168966034482758914e+03,1.717337241379310626e+03
4.168966034482758914e+03,1.517337241379310626e+03
4.168966034482758914e+03,1.317337241379310399e+03
4.168966034482758914e+03,1.117337241379310399e+03
4.168966034482758914e+03,9.173372413793103988e+02
4.168966034482758914e+03,7.173372413793103988e+02
4.168966034482758914e+03,5.173372413793103988e+02
4.168966034482758914e+03,3.173372413793102851e+02
4.168966034482758914e+03,1.173372413793102851e+02
4.168966034482758914e+03,-8.266275862068971492e+01
4.168966034482758914e+03,-2.826627586206896581e+02
4.168966034482758914e+03,-4.826627586206896012e+02
4.168966034482758914e+03,-6.826627586206896012e+02
4.168966034482758914e+03,-8.826627586206898286e+02
4.168966034482758914e+03,-1.082662758620689601e+03
4.168966034482758914e+03,-1.282662758620689601e+03
4.368966034482758914e+03,-1.082662758620689601e+03
4.368966034482758914e+03,-8.826627586206898286e+02
4.368966034482758914e+03,-6.826627586206896012e+02
4.368966034482758914e+03,-4.826627586206896012e+02
4.368966034482758914e+03,-2.826627586206896581e+02
4.368966034482758914e+03,-8.266275862068971492e+01
4.368966034482758914e+03,1.173372413793102851e+02
4.368966034482758914e+03,3.173372413793102851e+02
4.368966034482758914e+03,5.173372413793103988e+02
4.368966034482758914e+03,7.173372413793103988e+02
4.368966034482758914e+03,9.173372413793103988e+02
4.368966034482758914e+03,1.117337241379310399e+03
4.368966034482758914e+03,1.317337241379310399e+03
4.368966034482758914e+03,1.517337241379310626e+03
4.368966034482758914e+03,1.717337241379310626e+03
4.368966034482758914e+03,1.917337241379310626e+03
4.568966034482758914e+03,1.917337241379310626e+03
4.568966034482758914e+03,1.717337241379310626e+03
4.568966034482758914e+03,1.517337241379310626e+03
4.568966034482758914e+03,1.317337241379310399e+03
4.568966034482758914e+03,1.117337241379310399e+03
4.568966034482758914e+03,9.173372413793103988e+02
4.568966034482758914e+03,7.173372413793103988e+02
4.568966034482758914e+03,5.173372413793103988e+02
4.568966034482758914e+03,3.173372413793102851e+02
4.568966034482758914e+03,1.173372413793102851e+02
4.568966034482758914e+03,-8.266275862068971492e+01
4.568966034482758914e+03,-2.826627586206896581e+02
4.568966034482758914e+03,-4.826627586206896012e+02
4.568966034482758914e+03,-6.826627586206896012e+02
4.568966034482758914e+03,-8.826627586206898286e+02
4.768966034482758005e+03,-6.826627586206896012e+02
4.768966034482758005e+03,-4.826627586206896012e+02
4.768966034482758005e+03,-2.826627586206896581e+02
4.768966034482758005e+03,-8.266275862068971492e+01
4.768966034482758005e+03,1.173372413793102851e+02
4.768966034482758005e+03,3.173372413793102851e+02
4.768966034482758005e+03,5.173372413793103988e+02
4.768966034482758005e+03,7.173372413793103988e+02
4.768966034482758005e+03,9.173372413793103988e+02
4.768966034482758005e+03,1.117337241379310399e+03
4.768966034482758005e+03,1.317337241379310399e+03
4.768966034482758005e+03,1.517337241379310626e+03
4.768966034482758005e+03,1.717337241379310626e+03
4.768966034482758005e+03,1.917337241379310626e+03
4.768966034482758005e+03,2.117337241379310399e+03
4.968966034482758005e+03,2.117337241379310399e+03
4.968966034482758005e+03,1.917337241379310626e+03
4.968966034482758005e+03,1.717337241379310626e+03
4.968966034482758005e+03,1.517337241379310626e+03
4.968966034482758005e+03,1.317337241379310399e+03
4.968966034482758005e+03,1.117337241379310399e+03
4.968966034482758005e+03,9.173372413793103988e+02
4.968966034482758005e+03,7.173372413793103988e+02
4.968966034482758005e+03,5.173372413793103988e+02
4.968966034482758005e+03,3.173372413793102851e+02
4.968966034482758005e+03,1.173372413793102851e+02
4.968966034482758005e+03,-8.266275862068971492e+01
4.968966034482758005e+03,-2.826627586206896581e+02
5.168966034482758005e+03,-8.266275862068971492e+01
5.168966034482758005e+03,1.173372413793102851e+02
5.168966034482758005e+03,3.173372413793102851e+02
5.168966034482758005e+03,5.173372413793103988e+02
5.168966034482758005e+03,7.173372413793103988e+02
5.168966034482758005e+03,9.173372413793103988e+02
5.168966034482758005e+03,1.117337241379310399e+03
5.168966034482758005e+03,1.317337241379310399e+03
5.168966034482758005e+03,1.517337241379310626e+03
5.168966034482758005e+03,1.717337241379310626e+03
5.168966034482758005e+03,1.917337241379310626e+03
5.368966034482758005e+03,1.917337241379310626e+03
5.368966034482758005e+03,1.717337241379310626e+03
5.368966034482758005e+03,1.517337241379310626e+03
5.368966034482758005e+03,1.317337241379310399e+03
5.368966034482758005e+03,1.117337241379310399e+03
5.368966034482758005e+03,9.173372413793103988e+02
5.368966034482758005e+03,7.173372413793103988e+02
5.368966034482758005e+03,5.173372413793103988e+02
5.368966034482758005e+03,3.173372413793102851e+02
5.568966034482758005e+03,5.173372413793103988e+02
5.568966034482758005e+03,7.173372413793103988e+02
5.568966034482758005e+03,9.173372413793103988e+02
5.568966034482758005e+03,1.117337241379310399e+03
5.568966034482758005e+03,1.317337241379310399e+03
5.568966034482758005e+03,1.517337241379310626e+03
5.568966034482758005e+03,1.717337241379310626e+03
5.568966034482758005e+03,1.917337241379310626e+03
5.768966034482759824e+03,1.917337241379310626e+03
5.768966034482759824e+03,1.717337241379310626e+03
5.768966034482759824e+03,1.517337241379310626e+03
5.768966034482759824e+03,1.317337241379310399e+03
5.768966034482759824e+03,1.117337241379310399e+03
5.768966034482759824e+03,9.173372413793103988e+02
5.768966034482759824e+03,7.173372413793103988e+02
5.968966034482759824e+03,1.117337241379310399e+03
5.968966034482759824e+03,1.317337241379310399e+03
5.968966034482759824e+03,1.517337241379310626e+03
5.968966034482759824e+03,1.717337241379310626e+03
5.968966034482759824e+03,1.917337241379310626e+03
6.168966034482759824e+03,1.717337241379310626e+03
6.168966034482759824e+03,1.517337241379310626e+03
-6.356511999999997897e+02,8.619947799999999916e+03
-6.356511999999997897e+02,8.819947799999999916e+03
-6.356511999999997897e+02,9.019947800000001735e+03
-6.356511999999997897e+02,9.219947800000001735e+03
-6.356511999999997897e+02,9.419947800000001735e+03
-6.356511999999997897e+02,9.619947800000001735e+03
-6.356511999999997897e+02,9.819947800000001735e+03
-6.356511999999997897e+02,1.001994780000000173e+04
-4.356511999999997329e+02,1.001994780000000173e+04
-4.356511999999997329e+02,9.819947800000001735e+03
-4.356511999999997329e+02,9.619947800000001735e+03
-4.356511999999997329e+02,9.419947800000001735e+03
-4.356511999999997329e+02,9.219947800000001735e+03
-4.356511999999997329e+02,9.019947800000001735e+03
-4.356511999999997329e+02,8.819947799999999916e+03
-4.356511999999997329e+02,8.619947799999999916e+03
-4.356511999999997329e+02,8.419947799999999916e+03
-4.356511999999997329e+02,8.219947799999999916e+03
-2.356511999999997329e+02,7.819947799999999916e+03
-2.356511999999997329e+02,8.019947799999999916e+03
-2.356511999999997329e+02,8.219947799999999916e+03
-2.356511999999997329e+02,8.419947799999999916e+03
-2.356511999999997329e+02,8.619947799999999916e+03
-2.356511999999997329e+02,8.819947799999999916e+03
-2.356511999999997329e+02,9.019947800000001735e+03
-2.356511999999997329e+02,9.219947800000001735e+03
-2.356511999999997329e+02,9.419947800000001735e+03
-2.356511999999997329e+02,9.619947800000001735e+03
-2.356511999999997329e+02,9.819947800000001735e+03
-2.356511999999997329e+02,1.001994780000000173e+04
-3.565119999999978972e+01,1.001994780000000173e+04
-3.565119999999978972e+01,9.819947800000001735e+03
-3.565119999999978972e+01,9.619947800000001735e+03
-3.565119999999978972e+01,9.419947800000001735e+03
-3.565119999999978972e+01,9.219947800000001735e+03
-3.565119999999978972e+01,9.019947800000001735e+03
-3.565119999999978972e+01,8.819947799999999916e+03
-3.565119999999978972e+01,8.619947799999999916e+03
-3.565119999999978972e+01,8.419947799999999916e+03
-3.565119999999978972e+01,8.219947799999999916e+03
-3.565119999999978972e+01,8.019947799999999916e+03
-3.565119999999978972e+01,7.819947799999999916e+03
-3.565119999999978972e+01,7.619947799999999916e+03
1.643488000000002103e+02,7.419947799999999916e+03
1.643488000000002103e+02,7.619947799999999916e+03
1.643488000000002103e+02,7.819947799999999916e+03
1.643488000000002103e+02,8.019947799999999916e+03
1.643488000000002103e+02,8.219947799999999916e+03
1.643488000000002103e+02,8.419947799999999916e+03
1.643488000000002103e+02,8.619947799999999916e+03
1.643488000000002103e+02,8.819947799999999916e+03
1.643488000000002103e+02,9.019947800000001735e+03
1.643488000000002103e+02,9.219947800000001735e+03
1.643488000000002103e+02,9.419947800000001735e+03
1.643488000000002103e+02,9.619947800000001735e+03
1.643488000000002103e+02,9.819947800000001735e+03
1.643488000000002103e+02,1.001994780000000173e+04
1.643488000000002103e+02,1.021994780000000173e+04
3.643488000000000966e+02,1.021994780000000173e+04
3.643488000000000966e+02,1.001994780000000173e+04
3.643488000000000966e+02,9.819947800000001735e+03
3.643488000000000966e+02,9.619947800000001735e+03
3.643488000000000966e+02,9.419947800000001735e+03
3.643488000000000966e+02,9.219947800000001735e+03
3.643488000000000966e+02,9.019947800000001735e+03
3.643488000000000966e+02,8.819947799999999916e+03
3.643488000000000966e+02,8.619947799999999916e+03
3.643488000000000966e+02,8.419947799999999916e+03
3.643488000000000966e+02,8.219947799999999916e+03
3.643488000000000966e+02,8.019947799999999916e+03
3.643488000000000966e+02,7.819947799999999916e+03
3.643488000000000966e+02,7.619947799999999916e+03
3.643488000000000966e+02,7.419947799999999916e+03
3.643488000000000966e+02,7.219947799999999916e+03
5.643488000000000966e+02,7.019947799999999916e+03
5.643488000000000966e+02,7.219947799999999916e+03
5.643488000000000966e+02,7.419947799999999916e+03
5.643488000000000966e+02,7.619947799999999916e+03
5.643488000000000966e+02,7.819947799999999916e+03
5.643488000000000966e+02,8.019947799999999916e+03
5.643488000000000966e+02,8.219947799999999916e+03
5.643488000000000966e+02,8.419947799999999916e+03
5.643488000000000966e+02,8.619947799999999916e+03
5.643488000000000966e+02,8.819947799999999916e+03
5.643488000000000966e+02,9.019947800000001735e+03
5.643488000000000966e+02,9.219947800000001735e+03
5.643488000000000966e+02,9.419947800000001735e+03
5.643488000000000966e+02,9.619947800000001735e+03
5.643488000000000966e+02,9.819947800000001735e+03
5.643488000000000966e+02,1.001994780000000173e+04
5.643488000000000966e+02,1.021994780000000173e+04
7.643488000000000966e+02,1.021994780000000173e+04
7.643488000000000966e+02,1.001994780000000173e+04
7.643488000000000966e+02,9.819947800000001735e+03
7.643488000000000966e+02,9.619947800000001735e+03
7.643488000000000966e+02,9.419947800000001735e+03
7.643488000000000966e+02,9.219947800000001735e+03
7.643488000000000966e+02,9.019947800000001735e+03
7.643488000000000966e+02,8.819947799999999916e+03
7.643488000000000966e+02,8.619947799999999916e+03
7.643488000000000966e+02,8.419947799999999916e+03
7.643488000000000966e+02,8.219947799999999916e+03
7.643488000000000966e+02,8.019947799999999916e+03
7.643488000000000966e+02,7.819947799999999916e+03
7.643488000000000966e+02,7.619947799999999916e+03
7.643488000000000966e+02,7.419947799999999916e+03
7.643488000000000966e+02,7.219947799999999916e+03
7.643488000000000966e+02,7.019947799999999916e+03
9.643488000000002103e+02,6.819947799999999916e+03
9.643488000000002103e+02,7.019947799999999916e+03
9.643488000000002103e+02,7.219947799999999916e+03
9.643488000000002103e+02,7.419947799999999916e+03
9.643488000000002103e+02,7.619947799999999916e+03
9.643488000000002103e+02,7.819947799999999916e+03
9.643488000000002103e+02,8.019947799999999916e+03
9.643488000000002103e+02,8.219947799999999916e+03
9.643488000000002103e+02,8.419947799999999916e+03
9.643488000000002103e+02,8.619947799999999916e+03
9.643488000000002103e+02,8.819947799999999916e+03
9.643488000000002103e+02,9.019947800000001735e+03
9.643488000000002103e+02,9.219947800000001735e+03
9.643488000000002103e+02,9.419947800000001735e+03
9.643488000000002103e+02,9.619947800000001735e+03
9.643488000000002103e+02,9.819947800000001735e+03
9.643488000000002103e+02,1.001994780000000173e+04
9.643488000000002103e+02,1.021994780000000173e+04
1.164348800000000210e+03,1.041994780000000173e+04
1.164348800000000210e+03,1.021994780000000173e+04
1.164348800000000210e+03,1.001994780000000173e+04
1.164348800000000210e+03,9.819947800000001735e+03
1.164348800000000210e+03,9.619947800000001735e+03
1.164348800000000210e+03,9.419947800000001735e+03
1.164348800000000210e+03,9.219947800000001735e+03
1.164348800000000210e+03,9.019947800000001735e+03
1.164348800000000210e+03,8.819947799999999916e+03
1.164348800000000210e+03,8.619947799999999916e+03
1.164348800000000210e+03,8.419947799999999916e+03
1.164348800000000210e+03,8.219947799999999916e+03
1.164348800000000210e+03,8.019947799999999916e+03
1.164348800000000210e+03,7.819947799999999916e+03
1.164348800000000210e+03,7.619947799999999916e+03
1.164348800000000210e+03,7.419947799999999916e+03
1.164348800000000210e+03,7.219947799999999916e+03
1.164348800000000210e+03,7.019947799999999916e+03
1.164348800000000210e+03,6.819947799999999916e+03
1.364348800000000210e+03,6.619947799999999916e+03
1.364348800000000210e+03,6.819947799999999916e+03
1.364348800000000210e+03,7.019947799999999916e+03
1.364348800000000210e+03,7.219947799999999916e+03
1.364348800000000210e+03,7.419947799999999916e+03
1.364348800000000210e+03,7.619947799999999916e+03
1.364348800000000210e+03,7.819947799999999916e+03
1.364348800000000210e+03,8.019947799999999916e+03
1.364348800000000210e+03,8.219947799999999916e+03
1.364348800000000210e+03,8.419947799999999916e+03
1.364348800000000210e+03,8.619947799999999916e+03
1.364348800000000210e+03,8.819947799999999916e+03
1.364348800000000210e+03,9.019947800000001735e+03
1.364348800000000210e+03,9.219947800000001735e+03
1.364348800000000210e+03,9.419947800000001735e+03
1.364348800000000210e+03,9.619947800000001735e+03
1.364348800000000210e+03,9.819947800000001735e+03
1.364348800000000210e+03,1.001994780000000173e+04
1.364348800000000210e+03,1.021994780000000173e+04
1.364348800000000210e+03,1.041994780000000173e+04
1.564348800000000210e+03,1.041994780000000173e+04
1.564348800000000210e+03,1.021994780000000173e+04
1.564348800000000210e+03,1.001994780000000173e+04
1.564348800000000210e+03,9.819947800000001735e+03
1.564348800000000210e+03,9.619947800000001735e+03
1.564348800000000210e+03,9.419947800000001735e+03
1.564348800000000210e+03,9.219947800000001735e+03
1.564348800000000210e+03,9.019947800000001735e+03
1.564348800000000210e+03,8.819947799999999916e+03
1.564348800000000210e+03,8.619947799999999916e+03
1.564348800000000210e+03,8.419947799999999916e+03
1.564348800000000210e+03,8.219947799999999916e+03
1.564348800000000210e+03,8.019947799999999916e+03
1.564348800000000210e+03,7.819947799999999916e+03
1.564348800000000210e+03,7.619947799999999916e+03
1.564348800000000210e+03,7.419947799999999916e+03
1.564348800000000210e+03,7.219947799999999916e+03
1.564348800000000210e+03,7.019947799999999916e+03
1.564348800000000210e+03,6.819947799999999916e+03
1.564348800000000210e+03,6.619947799999999916e+03
1.764348800000000210e+03,6.619947799999999916e+03
1.764348800000000210e+03,6.819947799999999916e+03
1.764348800000000210e+03,7.019947799999999916e+03
1.764348800000000210e+03,7.219947799999999916e+03
1.764348800000000210e+03,7.419947799999999916e+03
1.764348800000000210e+03,7.619947799999999916e+03
1.764348800000000210e+03,7.819947799999999916e+03
1.764348800000000210e+03,8.019947799999999916e+03
1.764348800000000210e+03,8.219947799999999916e+03
1.764348800000000210e+03,8.419947799999999916e+03
1.764348800000000210e+03,8.619947799999999916e+03
1.764348800000000210e+03,8.819947799999999916e+03
1.764348800000000210e+03,9.019947800000001735e+03
1.764348800000000210e+03,9.219947800000001735e+03
1.764348800000000210e+03,9.419947800000001735e+03
1.764348800000000210e+03,9.619947800000001735e+03
1.764348800000000210e+03,9.819947800000001735e+03
1.764348800000000210e+03,1.001994780000000173e+04
1.764348800000000210e+03,1.021994780000000173e+04
1.764348800000000210e+03,1.041994780000000173e+04
1.964348799999999983e+03,1.041994780000000173e+04
1.964348799999999983e+03,1.021994780000000173e+04
1.964348799999999983e+03,1.001994780000000173e+04
1.964348799999999983e+03,9.819947800000001735e+03
1.964348799999999983e+03,9.619947800000001735e+03
1.964348799999999983e+03,9.419947800000001735e+03
1.964348799999999983e+03,9.219947800000001735e+03
1.964348799999999983e+03,9.019947800000001735e+03
1.964348799999999983e+03,8.819947799999999916e+03
1.964348799999999983e+03,8.619947799999999916e+03
1.964348799999999983e+03,8.419947799999999916e+03
1.964348799999999983e+03,8.219947799999999916e+03
1.964348799999999983e+03,8.019947799999999916e+03
1.964348799999999983e+03,7.819947799999999916e+03
1.964348799999999983e+03,7.619947799999999916e+03
1.964348799999999983e+03,7.419947799999999916e+03
1.964348799999999983e+03,7.219947799999999916e+03
1.964348799999999983e+03,7.019947799999999916e+03
1.964348799999999983e+03,6.819947799999999916e+03
1.964348799999999983e+03,6.619947799999999916e+03
2.164348800000000210e+03,6.619947799999999916e+03
2.164348800000000210e+03,6.819947799999999916e+03
2.164348800000000210e+03,7.019947799999999916e+03
2.164348800000000210e+03,7.219947799999999916e+03
2.164348800000000210e+03,7.419947799999999916e+03
2.164348800000000210e+03,7.619947799999999916e+03
2.164348800000000210e+03,7.819947799999999916e+03
2.164348800000000210e+03,8.019947799999999916e+03
2.164348800000000210e+03,8.219947799999999916e+03
2.164348800000000210e+03,8.419947799999999916e+03
2.164348800000000210e+03,8.619947799999999916e+03
2.164348800000000210e+03,8.819947799999999916e+03
2.164348800000000210e+03,9.019947800000001735e+03
2.164348800000000210e+03,9.219947800000001735e+03
2.164348800000000210e+03,9.419947800000001735e+03
2.164348800000000210e+03,9.619947800000001735e+03
2.164348800000000210e+03,9.819947800000001735e+03
2.164348800000000210e+03,1.001994780000000173e+04
2.164348800000000210e+03,1.021994780000000173e+04
2.364348800000000210e+03,1.021994780000000173e+04
2.364348800000000210e+03,1.001994780000000173e+04
2.364348800000000210e+03,9.819947800000001735e+03
2.364348800000000210e+03,9.619947800000001735e+03
2.364348800000000210e+03,9.419947800000001735e+03
2.364348800000000210e+03,9.219947800000001735e+03
2.364348800000000210e+03,9.019947800000001735e+03
2.364348800000000210e+03,8.819947799999999916e+03
2.364348800000000210e+03,8.619947799999999916e+03
2.364348800000000210e+03,8.419947799999999916e+03
2.364348800000000210e+03,8.219947799999999916e+03
2.364348800000000210e+03,8.019947799999999916e+03
2.364348800000000210e+03,7.819947799999999916e+03
2.364348800000000210e+03,7.619947799999999916e+03
2.364348800000000210e+03,7.419947799999999916e+03
2.364348800000000210e+03,7.219947799999999916e+03
2.364348800000000210e+03,7.019947799999999916e+03
2.364348800000000210e+03,6.819947799999999916e+03
2.364348800000000210e+03,6.619947799999999916e+03
2.564348800000000210e+03,6.819947799999999916e+03
2.564348800000000210e+03,7.019947799999999916e+03
2.564348800000000210e+03,7.219947799999999916e+03
2.564348800000000210e+03,7.419947799999999916e+03
2.564348800000000210e+03,7.619947799999999916e+03
2.564348800000000210e+03,7.819947799999999916e+03
2.564348800000000210e+03,8.019947799999999916e+03
2.564348800000000210e+03,8.219947799999999916e+03
2.564348800000000210e+03,8.419947799999999916e+03
2.564348800000000210e+03,8.619947799999999916e+03
2.564348800000000210e+03,8.819947799999999916e+03
2.564348800000000210e+03,9.019947800000001735e+03
2.564348800000000210e+03,9.219947800000001735e+03
2.564348800000000210e+03,9.419947800000001735e+03
2.564348800000000210e+03,9.619947800000001735e+03
2.564348800000000210e+03,9.819947800000001735e+03
2.564348800000000210e+03,1.001994780000000173e+04
2.564348800000000210e+03,1.021994780000000173e+04
2.764348800000000210e+03,1.021994780000000173e+04
2.764348800000000210e+03,1.001994780000000173e+04
2.764348800000000210e+03,9.819947800000001735e+03
2.764348800000000210e+03,9.619947800000001735e+03
2.764348800000000210e+03,9.419947800000001735e+03
2.764348800000000210e+03,9.219947800000001735e+03
2.764348800000000210e+03,9.019947800000001735e+03
2.764348800000000210e+03,8.819947799999999916e+03
2.764348800000000210e+03,8.619947799999999916e+03
2.764348800000000210e+03,8.419947799999999916e+03
2.764348800000000210e+03,8.219947799999999916e+03
2.764348800000000210e+03,8.019947799999999916e+03
2.764348800000000210e+03,7.819947799999999916e+03
2.764348800000000210e+03,7.619947799999999916e+03
2.764348800000000210e+03,7.419947799999999916e+03
2.764348800000000210e+03,7.219947799999999916e+03
2.764348800000000210e+03,7.019947799999999916e+03
2.764348800000000210e+03,6.819947799999999916e+03
2.964348800000000210e+03,7.019947799999999916e+03
2.964348800000000210e+03,7.219947799999999916e+03
2.964348800000000210e+03,7.419947799999999916e+03
2.964348800000000210e+03,7.619947799999999916e+03
2.964348800000000210e+03,7.819947799999999916e+03
2.964348800000000210e+03,8.019947799999999916e+03
2.964348800000000210e+03,8.219947799999999916e+03
2.964348800000000210e+03,8.419947799999999916e+03
2.964348800000000210e+03,8.619947799999999916e+03
2.964348800000000210e+03,8.819947799999999916e+03
2.964348800000000210e+03,9.019947800000001735e+03
2.964348800000000210e+03,9.219947800000001735e+03
2.964348800000000210e+03,9.419947800000001735e+03
2.964348800000000210e+03,9.619947800000001735e+03
2.964348800000000210e+03,9.819947800000001735e+03
2.964348800000000210e+03,1.001994780000000173e+04
2.964348800000000210e+03,1.021994780000000173e+04
3.164348800000000210e+03,1.021994780000000173e+04
3.164348800000000210e+03,1.001994780000000173e+04
3.164348800000000210e+03,9.819947800000001735e+03
3.164348800000000210e+03,9.619947800000001735e+03
3.164348800000000210e+03,9.419947800000001735e+03
3.164348800000000210e+03,9.219947800000001735e+03
3.164348800000000210e+03,9.019947800000001735e+03
3.164348800000000210e+03,8.819947799999999916e+03
3.164348800000000210e+03,8.619947799999999916e+03
3.164348800000000210e+03,8.419947799999999916e+03
3.164348800000000210e+03,8.219947799999999916e+03
3.164348800000000210e+03,8.019947799999999916e+03
3.164348800000000210e+03,7.819947799999999916e+03
3.164348800000000210e+03,7.619947799999999916e+03
3.164348800000000210e+03,7.419947799999999916e+03
3.164348800000000210e+03,7.219947799999999916e+03
3.164348800000000210e+03,7.019947799999999916e+03
3.364348800000000210e+03,7.219947799999999916e+03
3.364348800000000210e+03,7.419947799999999916e+03
3.364348800000000210e+03,7.619947799999999916e+03
3.364348800000000210e+03,7.819947799999999916e+03
3.364348800000000210e+03,8.019947799999999916e+03
3.364348800000000210e+03,8.219947799999999916e+03
3.364348800000000210e+03,8.419947799999999916e+03
3.364348800000000210e+03,8.619947799999999916e+03
3.364348800000000210e+03,8.819947799999999916e+03
3.364348800000000210e+03,9.019947800000001735e+03
3.364348800000000210e+03,9.219947800000001735e+03
3.364348800000000210e+03,9.419947800000001735e+03
3.364348800000000210e+03,9.619947800000001735e+03
3.364348800000000210e+03,9.819947800000001735e+03
3.364348800000000210e+03,1.001994780000000173e+04
3.364348800000000210e+03,1.021994780000000173e+04
3.564348800000000210e+03,1.021994780000000173e+04
3.564348800000000210e+03,1.001994780000000173e+04
3.564348800000000210e+03,9.819947800000001735e+03
3.564348800000000210e+03,9.619947800000001735e+03
3.564348800000000210e+03,9.419947800000001735e+03
3.564348800000000210e+03,9.219947800000001735e+03
3.564348800000000210e+03,9.019947800000001735e+03
3.564348800000000210e+03,8.819947799999999916e+03
3.564348800000000210e+03,8.619947799999999916e+03
3.564348800000000210e+03,8.419947799999999916e+03
3.564348800000000210e+03,8.219947799999999916e+03
3.564348800000000210e+03,8.019947799999999916e+03
3.564348800000000210e+03,7.819947799999999916e+03
3.564348800000000210e+03,7.619947799999999916e+03
3.564348800000000210e+03,7.419947799999999916e+03
3.764348800000000210e+03,7.619947799999999916e+03
3.764348800000000210e+03,7.819947799999999916e+03
3.764348800000000210e+03,8.019947799999999916e+03
3.764348800000000210e+03,8.219947799999999916e+03
3.764348800000000210e+03,8.419947799999999916e+03
3.764348800000000210e+03,8.619947799999999916e+03
3.764348800000000210e+03,8.819947799999999916e+03
3.764348800000000210e+03,9.019947800000001735e+03
3.764348800000000210e+03,9.219947800000001735e+03
3.764348800000000210e+03,9.419947800000001735e+03
3.764348800000000210e+03,9.619947800000001735e+03
3.764348800000000210e+03,9.819947800000001735e+03
3.764348800000000210e+03,1.001994780000000173e+04
3.764348800000000210e+03,1.021994780000000173e+04
3.964348800000000210e+03,1.021994780000000173e+04
3.964348800000000210e+03,1.001994780000000173e+04
3.964348800000000210e+03,9.819947800000001735e+03
3.964348800000000210e+03,9.619947800000001735e+03
3.964348800000000210e+03,9.419947800000001735e+03
3.964348800000000210e+03,9.219947800000001735e+03
3.964348800000000210e+03,9.019947800000001735e+03
3.964348800000000210e+03,8.819947799999999916e+03
3.964348800000000210e+03,8.619947799999999916e+03
3.964348800000000210e+03,8.419947799999999916e+03
3.964348800000000210e+03,8.219947799999999916e+03
3.964348800000000210e+03,8.019947799999999916e+03
3.964348800000000210e+03,7.819947799999999916e+03
4.164348799999999756e+03,8.219947799999999916e+03
4.164348799999999756e+03,8.419947799999999916e+03
4.164348799999999756e+03,8.619947799999999916e+03
4.164348799999999756e+03,8.819947799999999916e+03
4.164348799999999756e+03,9.019947800000001735e+03
4.164348799999999756e+03,9.219947800000001735e+03
4.164348799999999756e+03,9.419947800000001735e+03
4.164348799999999756e+03,9.619947800000001735e+03
4.164348799999999756e+03,9.819947800000001735e+03
4.164348799999999756e+03,1.001994780000000173e+04
4.364348799999999756e+03,1.001994780000000173e+04
4.364348799999999756e+03,9.819947800000001735e+03
4.364348799999999756e+03,9.619947800000001735e+03
4.364348799999999756e+03,9.419947800000001735e+03
4.364348799999999756e+03,9.219947800000001735e+03
4.364348799999999756e+03,9.019947800000001735e+03
4.364348799999999756e+03,8.819947799999999916e+03
4.364348799999999756e+03,8.619947799999999916e+03
4.364348799999999756e+03,8.419947799999999916e+03
4.564348799999999756e+03,8.619947799999999916e+03
4.564348799999999756e+03,8.819947799999999916e+03
4.564348799999999756e+03,9.019947800000001735e+03
4.564348799999999756e+03,9.219947800000001735e+03
4.564348799999999756e+03,9.419947800000001735e+03
4.564348799999999756e+03,9.619947800000001735e+03
4.564348799999999756e+03,9.819947800000001735e+03
4.564348799999999756e+03,1.001994780000000173e+04
4.564348799999999756e+03,1.021994780000000173e+04
4.764348799999999756e+03,1.001994780000000173e+04
4.764348799999999756e+03,9.819947800000001735e+03
4.764348799999999756e+03,9.619947800000001735e+03
4.764348799999999756e+03,9.419947800000001735e+03
4.764348799999999756e+03,9.219947800000001735e+03
4.764348799999999756e+03,9.019947800000001735e+03
4.764348799999999756e+03,8.819947799999999916e+03
4.964348799999999756e+03,9.019947800000001735e+03
4.964348799999999756e+03,9.219947800000001735e+03
4.964348799999999756e+03,9.419947800000001735e+03
4.964348799999999756e+03,9.619947800000001735e+03
4.964348799999999756e+03,9.819947800000001735e+03
4.964348799999999756e+03,1.001994780000000173e+04
5.164348799999999756e+03,1.001994780000000173e+04
5.164348799999999756e+03,9.819947800000001735e+03
5.164348799999999756e+03,9.619947800000001735e+03
5.364348799999999756e+03,9.819947800000001735e+03
5.364348799999999756e+03,1.001994780000000173e+04
-7.835019999999998618e+03,7.456957031249999091e+03
-7.835019999999998618e+03,7.656957031249999091e+03
-7.835019999999998618e+03,7.856957031249999091e+03
-7.835019999999998618e+03,8.056957031249999091e+03
-7.835019999999998618e+03,8.256957031249998181e+03
-7.835019999999998618e+03,8.456957031249998181e+03
-7.835019999999998618e+03,8.656957031249998181e+03
-7.635019999999998618e+03,8.656957031249998181e+03
-7.635019999999998618e+03,8.456957031249998181e+03
-7.635019999999998618e+03,8.256957031249998181e+03
-7.635019999999998618e+03,8.056957031249999091e+03
-7.635019999999998618e+03,7.856957031249999091e+03
-7.635019999999998618e+03,7.656957031249999091e+03
-7.635019999999998618e+03,7.456957031249999091e+03
-7.435019999999998618e+03,7.256957031249999091e+03
-7.435019999999998618e+03,7.456957031249999091e+03
-7.435019999999998618e+03,7.656957031249999091e+03
-7.435019999999998618e+03,7.856957031249999091e+03
-7.435019999999998618e+03,8.056957031249999091e+03
-7.435019999999998618e+03,8.256957031249998181e+03
-7.435019999999998618e+03,8.456957031249998181e+03
-7.435019999999998618e+03,8.656957031249998181e+03
-7.435019999999998618e+03,8.856957031249998181e+03
-7.235019999999998618e+03,8.856957031249998181e+03
-7.235019999999998618e+03,8.656957031249998181e+03
-7.235019999999998618e+03,8.456957031249998181e+03
-7.235019999999998618e+03,8.256957031249998181e+03
-7.235019999999998618e+03,8.056957031249999091e+03
-7.235019999999998618e+03,7.856957031249999091e+03
-7.235019999999998618e+03,7.656957031249999091e+03
-7.235019999999998618e+03,7.456957031249999091e+03
-7.235019999999998618e+03,7.256957031249999091e+03
-7.235019999999998618e+03,7.056957031249999091e+03
-7.035020000000000437e+03,6.856957031249999091e+03
-7.035020000000000437e+03,7.056957031249999091e+03
-7.035020000000000437e+03,7.256957031249999091e+03
-7.035020000000000437e+03,7.456957031249999091e+03
-7.035020000000000437e+03,7.656957031249999091e+03
-7.035020000000000437e+03,7.856957031249999091e+03
-7.035020000000000437e+03,8.056957031249999091e+03
-7.035020000000000437e+03,8.256957031249998181e+03
-7.035020000000000437e+03,8.456957031249998181e+03
-7.035020000000000437e+03,8.656957031249998181e+03
-7.035020000000000437e+03,8.856957031249998181e+03
-6.835020000000000437e+03,8.856957031249998181e+03
-6.835020000000000437e+03,8.656957031249998181e+03
-6.835020000000000437e+03,8.456957031249998181e+03
-6.835020000000000437e+03,8.256957031249998181e+03
-6.835020000000000437e+03,8.056957031249999091e+03
-6.835020000000000437e+03,7.856957031249999091e+03
-6.835020000000000437e+03,7.656957031249999091e+03
-6.835020000000000437e+03,7.456957031249999091e+03
-6.835020000000000437e+03,7.256957031249999091e+03
-6.835020000000000437e+03,7.056957031249999091e+03
-6.835020000000000437e+03,6.856957031249999091e+03
-6.835020000000000437e+03,6.656957031249999091e+03
-6.635020000000000437e+03,6.656957031249999091e+03
-6.635020000000000437e+03,6.856957031249999091e+03
-6.635020000000000437e+03,7.056957031249999091e+03
-6.635020000000000437e+03,7.256957031249999091e+03
-6.635020000000000437e+03,7.456957031249999091e+03
-6.635020000000000437e+03,7.656957031249999091e+03
-6.635020000000000437e+03,7.856957031249999091e+03
-6.635020000000000437e+03,8.056957031249999091e+03
-6.635020000000000437e+03,8.256957031249998181e+03
-6.635020000000000437e+03,8.456957031249998181e+03
-6.635020000000000437e+03,8.656957031249998181e+03
-6.635020000000000437e+03,8.856957031249998181e+03
-6.435020000000000437e+03,8.856957031249998181e+03
-6.435020000000000437e+03,8.656957031249998181e+03
-6.435020000000000437e+03,8.456957031249998181e+03
-6.435020000000000437e+03,8.256957031249998181e+03
-6.435020000000000437e+03,8.056957031249999091e+03
-6.435020000000000437e+03,7.856957031249999091e+03
-6.435020000000000437e+03,7.656957031249999091e+03
-6.435020000000000437e+03,7.456957031249999091e+03
-6.435020000000000437e+03,7.256957031249999091e+03
-6.435020000000000437e+03,7.056957031249999091e+03
-6.435020000000000437e+03,6.856957031249999091e+03
-6.435020000000000437e+03,6.656957031249999091e+03
-6.435020000000000437e+03,6.456957031249999091e+03
-6.235020000000000437e+03,6.456957031249999091e+03
-6.235020000000000437e+03,6.656957031249999091e+03
-6.235020000000000437e+03,6.856957031249999091e+03
-6.235020000000000437e+03,7.056957031249999091e+03
-6.235020000000000437e+03,7.256957031249999091e+03
-6.235020000000000437e+03,7.456957031249999091e+03
-6.235020000000000437e+03,7.656957031249999091e+03
-6.235020000000000437e+03,7.856957031249999091e+03
-6.235020000000000437e+03,8.056957031249999091e+03
-6.235020000000000437e+03,8.256957031249998181e+03
-6.235020000000000437e+03,8.456957031249998181e+03
-6.235020000000000437e+03,8.656957031249998181e+03
-6.235020000000000437e+03,8.856957031249998181e+03
-6.035020000000000437e+03,9.056957031250000000e+03
-6.035020000000000437e+03,8.856957031249998181e+03
-6.035020000000000437e+03,8.656957031249998181e+03
-6.035020000000000437e+03,8.456957031249998181e+03
-6.035020000000000437e+03,8.256957031249998181e+03
-6.035020000000000437e+03,8.056957031249999091e+03
-6.035020000000000437e+03,7.856957031249999091e+03
-6.035020000000000437e+03,7.656957031249999091e+03
-6.035020000000000437e+03,7.456957031249999091e+03
-6.035020000000000437e+03,7.256957031249999091e+03
-6.035020000000000437e+03,7.056957031249999091e+03
-6.035020000000000437e+03,6.856957031249999091e+03
-6.035020000000000437e+03,6.656957031249999091e+03
-6.035020000000000437e+03,6.456957031249999091e+03
-6.035020000000000437e+03,6.256957031249999091e+03
-5.835020000000000437e+03,6.056957031249999091e+03
-5.835020000000000437e+03,6.256957031249999091e+03
-5.835020000000000437e+03,6.456957031249999091e+03
-5.835020000000000437e+03,6.656957031249999091e+03
-5.835020000000000437e+03,6.856957031249999091e+03
-5.835020000000000437e+03,7.056957031249999091e+03
-5.835020000000000437e+03,7.256957031249999091e+03
-5.835020000000000437e+03,7.456957031249999091e+03
-5.835020000000000437e+03,7.656957031249999091e+03
-5.835020000000000437e+03,7.856957031249999091e+03
-5.835020000000000437e+03,8.056957031249999091e+03
-5.835020000000000437e+03,8.256957031249998181e+03
-5.835020000000000437e+03,8.456957031249998181e+03
-5.835020000000000437e+03,8.656957031249998181e+03
-5.835020000000000437e+03,8.856957031249998181e+03
-5.835020000000000437e+03,9.056957031250000000e+03
-5.635020000000000437e+03,9.056957031250000000e+03
-5.635020000000000437e+03,8.856957031249998181e+03
-5.635020000000000437e+03,8.656957031249998181e+03
-5.635020000000000437e+03,8.456957031249998181e+03
-5.635020000000000437e+03,8.256957031249998181e+03
-5.635020000000000437e+03,8.056957031249999091e+03
-5.635020000000000437e+03,7.856957031249999091e+03
-5.635020000000000437e+03,7.656957031249999091e+03
-5.635020000000000437e+03,7.456957031249999091e+03
-5.635020000000000437e+03,7.256957031249999091e+03
-5.635020000000000437e+03,7.056957031249999091e+03
-5.635020000000000437e+03,6.856957031249999091e+03
-5.635020000000000437e+03,6.656957031249999091e+03
-5.635020000000000437e+03,6.456957031249999091e+03
-5.635020000000000437e+03,6.256957031249999091e+03
-5.635020000000000437e+03,6.056957031249999091e+03
-5.435020000000000437e+03,6.056957031249999091e+03
-5.435020000000000437e+03,6.256957031249999091e+03
-5.435020000000000437e+03,6.456957031249999091e+03
-5.435020000000000437e+03,6.656957031249999091e+03
-5.435020000000000437e+03,6.856957031249999091e+03
-5.435020000000000437e+03,7.056957031249999091e+03
-5.435020000000000437e+03,7.256957031249999091e+03
-5.435020000000000437e+03,7.456957031249999091e+03
-5.435020000000000437e+03,7.656957031249999091e+03
-5.435020000000000437e+03,7.856957031249999091e+03
-5.435020000000000437e+03,8.056957031249999091e+03
-5.435020000000000437e+03,8.256957031249998181e+03
-5.435020000000000437e+03,8.456957031249998181e+03
-5.435020000000000437e+03,8.656957031249998181e+03
-5.435020000000000437e+03,8.856957031249998181e+03
-5.435020000000000437e+03,9.056957031250000000e+03
-5.235020000000000437e+03,9.056957031250000000e+03
-5.235020000000000437e+03,8.856957031249998181e+03
-5.235020000000000437e+03,8.656957031249998181e+03
-5.235020000000000437e+03,8.456957031249998181e+03
-5.235020000000000437e+03,8.256957031249998181e+03
-5.235020000000000437e+03,8.056957031249999091e+03
-5.235020000000000437e+03,7.856957031249999091e+03
-5.235020000000000437e+03,7.656957031249999091e+03
-5.235020000000000437e+03,7.456957031249999091e+03
-5.235020000000000437e+03,7.256957031249999091e+03
-5.235020000000000437e+03,7.056957031249999091e+03
-5.235020000000000437e+03,6.856957031249999091e+03
-5.235020000000000437e+03,6.656957031249999091e+03
-5.235020000000000437e+03,6.456957031249999091e+03
-5.235020000000000437e+03,6.256957031249999091e+03
-5.035020000000000437e+03,6.256957031249999091e+03
-5.035020000000000437e+03,6.456957031249999091e+03
-5.035020000000000437e+03,6.656957031249999091e+03
-5.035020000000000437e+03,6.856957031249999091e+03
-5.035020000000000437e+03,7.056957031249999091e+03
-5.035020000000000437e+03,7.256957031249999091e+03
-5.035020000000000437e+03,7.456957031249999091e+03
-5.035020000000000437e+03,7.656957031249999091e+03
-5.035020000000000437e+03,7.856957031249999091e+03
-5.035020000000000437e+03,8.056957031249999091e+03
-5.035020000000000437e+03,8.256957031249998181e+03
-5.035020000000000437e+03,8.456957031249998181e+03
-5.035020000000000437e+03,8.656957031249998181e+03
-5.035020000000000437e+03,8.856957031249998181e+03
-5.035020000000000437e+03,9.056957031250000000e+03
-4.835020000000000437e+03,9.056957031250000000e+03
-4.835020000000000437e+03,8.856957031249998181e+03
-4.835020000000000437e+03,8.656957031249998181e+03
-4.835020000000000437e+03,8.456957031249998181e+03
-4.835020000000000437e+03,8.256957031249998181e+03
-4.835020000000000437e+03,8.056957031249999091e+03
-4.835020000000000437e+03,7.856957031249999091e+03
-4.835020000000000437e+03,7.656957031249999091e+03
-4.835020000000000437e+03,7.456957031249999091e+03
-4.835020000000000437e+03,7.256957031249999091e+03
-4.835020000000000437e+03,7.056957031249999091e+03
-4.835020000000000437e+03,6.856957031249999091e+03
-4.835020000000000437e+03,6.656957031249999091e+03
-4.835020000000000437e+03,6.456957031249999091e+03
-4.635020000000000437e+03,6.456957031249999091e+03
-4.635020000000000437e+03,6.656957031249999091e+03
-4.635020000000000437e+03,6.856957031249999091e+03
-4.635020000000000437e+03,7.056957031249999091e+03
-4.635020000000000437e+03,7.256957031249999091e+03
-4.635020000000000437e+03,7.456957031249999091e+03
-4.635020000000000437e+03,7.656957031249999091e+03
-4.635020000000000437e+03,7.856957031249999091e+03
-4.635020000000000437e+03,8.056957031249999091e+03
-4.635020000000000437e+03,8.256957031249998181e+03
-4.635020000000000437e+03,8.456957031249998181e+03
-4.635020000000000437e+03,8.656957031249998181e+03
-4.635020000000000437e+03,8.856957031249998181e+03
-4.435020000000000437e+03,8.856957031249998181e+03
-4.435020000000000437e+03,8.656957031249998181e+03
-4.435020000000000437e+03,8.456957031249998181e+03
-4.435020000000000437e+03,8.256957031249998181e+03
-4.435020000000000437e+03,8.056957031249999091e+03
-4.435020000000000437e+03,7.856957031249999091e+03
-4.435020000000000437e+03,7.656957031249999091e+03
-4.435020000000000437e+03,7.456957031249999091e+03
-4.435020000000000437e+03,7.256957031249999091e+03
-4.435020000000000437e+03,7.056957031249999091e+03
-4.435020000000000437e+03,6.856957031249999091e+03
-4.435020000000000437e+03,6.656957031249999091e+03
-4.435020000000000437e+03,6.456957031249999091e+03
-4.235020000000000437e+03,6.456957031249999091e+03
-4.235020000000000437e+03,6.656957031249999091e+03
-4.235020000000000437e+03,6.856957031249999091e+03
-4.235020000000000437e+03,7.056957031249999091e+03
-4.235020000000000437e+03,7.256957031249999091e+03
-4.235020000000000437e+03,7.456957031249999091e+03
-4.235020000000000437e+03,7.656957031249999091e+03
-4.235020000000000437e+03,7.856957031249999091e+03
-4.235020000000000437e+03,8.056957031249999091e+03
-4.235020000000000437e+03,8.256957031249998181e+03
-4.235020000000000437e+03,8.456957031249998181e+03
-4.235020000000000437e+03,8.656957031249998181e+03
-4.235020000000000437e+03,8.856957031249998181e+03
-4.035019999999999982e+03,8.856957031249998181e+03
-4.035019999999999982e+03,8.656957031249998181e+03
-4.035019999999999982e+03,8.456957031249998181e+03
-4.035019999999999982e+03,8.256957031249998181e+03
-4.035019999999999982e+03,8.056957031249999091e+03
-4.035019999999999982e+03,7.856957031249999091e+03
-4.035019999999999982e+03,7.656957031249999091e+03
-4.035019999999999982e+03,7.456957031249999091e+03
-4.035019999999999982e+03,7.256957031249999091e+03
-4.035019999999999982e+03,7.056957031249999091e+03
-4.035019999999999982e+03,6.856957031249999091e+03
-4.035019999999999982e+03,6.656957031249999091e+03
-4.035019999999999982e+03,6.456957031249999091e+03
-3.835019999999999982e+03,6.456957031249999091e+03
-3.835019999999999982e+03,6.656957031249999091e+03
-3.835019999999999982e+03,6.856957031249999091e+03
-3.835019999999999982e+03,7.056957031249999091e+03
-3.835019999999999982e+03,7.256957031249999091e+03
-3.835019999999999982e+03,7.456957031249999091e+03
-3.835019999999999982e+03,7.656957031249999091e+03
-3.835019999999999982e+03,7.856957031249999091e+03
-3.835019999999999982e+03,8.056957031249999091e+03
-3.835019999999999982e+03,8.256957031249998181e+03
-3.835019999999999982e+03,8.456957031249998181e+03
-3.835019999999999982e+03,8.656957031249998181e+03
-3.835019999999999982e+03,8.856957031249998181e+03
-3.835019999999999982e+03,9.056957031250000000e+03
-3.635019999999999982e+03,9.056957031250000000e+03
-3.635019999999999982e+03,8.856957031249998181e+03
-3.635019999999999982e+03,8.656957031249998181e+03
-3.635019999999999982e+03,8.456957031249998181e+03
-3.635019999999999982e+03,8.256957031249998181e+03
-3.635019999999999982e+03,8.056957031249999091e+03
-3.635019999999999982e+03,7.856957031249999091e+03
-3.635019999999999982e+03,7.656957031249999091e+03
-3.635019999999999982e+03,7.456957031249999091e+03
-3.635019999999999982e+03,7.256957031249999091e+03
-3.635019999999999982e+03,7.056957031249999091e+03
-3.635019999999999982e+03,6.856957031249999091e+03
-3.435019999999999527e+03,6.856957031249999091e+03
-3.435019999999999527e+03,7.056957031249999091e+03
-3.435019999999999527e+03,7.256957031249999091e+03
-3.435019999999999527e+03,7.456957031249999091e+03
-3.435019999999999527e+03,7.656957031249999091e+03
-3.435019999999999527e+03,7.856957031249999091e+03
-3.435019999999999527e+03,8.056957031249999091e+03
-3.435019999999999527e+03,8.256957031249998181e+03
-3.435019999999999527e+03,8.456957031249998181e+03
-3.435019999999999527e+03,8.656957031249998181e+03
-3.435019999999999527e+03,8.856957031249998181e+03
-3.435019999999999527e+03,9.056957031250000000e+03
-3.235019999999999527e+03,9.056957031250000000e+03
-3.235019999999999527e+03,8.856957031249998181e+03
-3.235019999999999527e+03,8.656957031249998181e+03
-3.235019999999999527e+03,8.456957031249998181e+03
-3.235019999999999527e+03,8.256957031249998181e+03
-3.235019999999999527e+03,8.056957031249999091e+03
-3.235019999999999527e+03,7.856957031249999091e+03
-3.235019999999999527e+03,7.656957031249999091e+03
-3.235019999999999527e+03,7.456957031249999091e+03
-3.235019999999999527e+03,7.256957031249999091e+03
-3.035019999999999527e+03,7.456957031249999091e+03
-3.035019999999999527e+03,7.656957031249999091e+03
-3.035019999999999527e+03,7.856957031249999091e+03
-3.035019999999999527e+03,8.056957031249999091e+03
-3.035019999999999527e+03,8.256957031249998181e+03
-3.035019999999999527e+03,8.456957031249998181e+03
-3.035019999999999527e+03,8.656957031249998181e+03
-3.035019999999999527e+03,8.856957031249998181e+03
-3.035019999999999527e+03,9.056957031250000000e+03
-2.835019999999999527e+03,9.056957031250000000e+03
-2.835019999999999527e+03,8.856957031249998181e+03
-2.835019999999999527e+03,8.656957031249998181e+03
-2.835019999999999527e+03,8.456957031249998181e+03
-2.835019999999999527e+03,8.256957031249998181e+03
-2.835019999999999527e+03,8.056957031249999091e+03
-2.835019999999999527e+03,7.856957031249999091e+03
-2.835019999999999527e+03,7.656957031249999091e+03
-2.635019999999999527e+03,7.656957031249999091e+03
-2.635019999999999527e+03,7.856957031249999091e+03
-2.635019999999999527e+03,8.056957031249999091e+03
-2.635019999999999527e+03,8.256957031249998181e+03
-2.635019999999999527e+03,8.456957031249998181e+03
-2.635019999999999527e+03,8.656957031249998181e+03
-2.635019999999999527e+03,8.856957031249998181e+03
-2.635019999999999527e+03,9.056957031250000000e+03
-2.435019999999999527e+03,9.056957031250000000e+03
-2.435019999999999527e+03,8.856957031249998181e+03
-2.435019999999999527e+03,8.656957031249998181e+03
-2.435019999999999527e+03,8.456957031249998181e+03
-2.435019999999999527e+03,8.256957031249998181e+03
-2.435019999999999527e+03,8.056957031249999091e+03
-2.435019999999999527e+03,7.856957031249999091e+03
-2.235019999999999527e+03,8.256957031249998181e+03
-2.235019999999999527e+03,8.456957031249998181e+03
-2.235019999999999527e+03,8.656957031249998181e+03
-2.235019999999999527e+03,8.856957031249998181e+03
-2.235019999999999527e+03,9.056957031250000000e+03
-2.035019999999999754e+03,9.056957031250000000e+03
-2.035019999999999754e+03,8.856957031249998181e+03
-2.035019999999999754e+03,8.656957031249998181e+03
-2.035019999999999754e+03,8.456957031249998181e+03
-2.035019999999999754e+03,8.256957031249998181e+03
-1.835019999999999754e+03,8.656957031249998181e+03
-1.835019999999999754e+03,8.856957031249998181e+03
-1.835019999999999754e+03,9.056957031250000000e+03
